0.70 0.35 0.51 
 0.72 0.41 0.56 
 0.75 0.40 0.60 
 0.74 0.40 0.64 
 0.70 0.44 0.57 
 0.73 0.38 0.62 
 0.75 0.41 0.58 
 0.70 0.36 0.58 
 0.68 0.40 0.59 
 0.65 0.38 0.56 
 0.68 0.36 0.58 
 0.70 0.37 0.60 
 0.69 0.38 0.58 
 0.68 0.37 0.59 
 0.70 0.37 0.59 
 0.70 0.40 0.59 
 0.74 0.35 0.60 
 0.67 0.35 0.53 
 0.67 0.41 0.56 
 0.72 0.38 0.58 
 0.71 0.37 0.56 
 0.66 0.36 0.54 
 0.73 0.40 0.58 
 0.78 0.36 0.56 
 0.68 0.38 0.59 
 0.70 0.39 0.60 
 0.72 0.31 0.62 
 0.75 0.35 0.61 
 0.67 0.39 0.61 
 0.70 0.38 0.59 
 0.68 0.36 0.55 
 0.67 0.38 0.57 
 0.67 0.38 0.55 
 0.70 0.36 0.56 
 0.68 0.35 0.51 
 0.71 0.40 0.59 
 0.72 0.45 0.61 
 0.76 0.46 0.64 
 0.67 0.43 0.62 
 0.66 0.42 0.57 
 0.65 0.36 0.53 
 0.73 0.32 0.54 
 0.68 0.36 0.64 
 0.68 0.39 0.59 
 0.65 0.44 0.61 
 0.73 0.35 0.60 
 0.74 0.38 0.58 
 0.60 0.40 0.57 
 0.72 0.36 0.62 
 0.71 0.39 0.62 
 0.70 0.38 0.62 
 0.66 0.39 0.54 
 0.71 0.38 0.58 
 0.74 0.35 0.53 
 0.68 0.37 0.53 
 0.77 0.33 0.61 
 0.77 0.43 0.56 
 0.83 0.38 0.56 
 0.68 0.40 0.52 
 0.62 0.44 0.54 
 0.67 0.50 0.52 
 0.67 0.24 0.42 
 0.76 0.56 0.65 
 0.79 0.55 0.53 
 0.70 0.42 0.62 
 0.73 0.49 0.58 
 0.66 0.42 0.64 
 0.70 0.39 0.55 
 0.60 0.40 0.60 
 0.63 0.55 0.57 
 0.82 0.40 0.69 
 0.76 0.33 0.56 
 0.62 0.53 0.51 
 0.67 0.47 0.54 
 0.70 0.46 0.54 
 0.71 0.50 0.45 
 0.83 0.39 0.58 
 0.82 0.56 0.48 
 0.76 0.52 0.59 
 0.64 0.57 0.46 
 0.70 0.49 0.51 
 0.75 0.50 0.55 
 0.70 0.49 0.65 
 0.74 0.48 0.56 
 0.69 0.52 0.69 
 0.74 0.52 0.69 
 0.76 0.52 0.74 
 0.63 0.53 0.69 
 0.64 0.47 0.69 
 0.55 0.57 0.59 
 0.46 0.46 0.75 
 0.43 0.47 0.72 
 0.46 0.49 0.71 
 0.42 0.59 0.59 
 0.60 0.55 0.68 
 0.51 0.47 0.61 
 0.38 0.69 0.72 
 0.33 0.38 0.47 
 0.51 0.62 0.53 
 0.60 0.55 0.50 
 0.69 0.74 0.41 
 0.70 0.44 0.64 
 0.69 0.70 0.19 
 0.48 0.40 0.73 
 0.48 0.71 0.03 
 0.53 0.59 0.69 
 0.61 0.71 0.35 
 0.60 0.47 0.61 
 0.52 0.45 0.50 
 0.48 0.51 0.50 
 0.53 0.56 0.62 
 0.51 0.58 0.57 
 0.69 0.59 0.72 
 0.54 0.49 0.56 
 0.50 0.52 0.64 
 0.65 0.57 0.57 
 0.56 0.64 0.68 
 0.56 0.64 0.51 
 0.52 0.51 0.58 
 0.55 0.59 0.50 
 0.56 0.62 0.56 
 0.60 0.58 0.54 
 0.65 0.52 0.63 
 0.64 0.59 0.50 
 0.71 0.60 0.54 
 0.72 0.57 0.51 
 0.67 0.61 0.46 
 0.66 0.68 0.51 
 0.54 0.60 0.66 
 0.53 0.64 0.60 
 0.52 0.73 0.55 
 0.56 0.68 0.62 
 0.51 0.68 0.70 
 0.55 0.68 0.68 
 0.56 0.68 0.67 
 0.56 0.67 0.62 
 0.57 0.67 0.59 
 0.59 0.66 0.63 
 0.58 0.72 0.55 
 0.52 0.64 0.57 
 0.54 0.60 0.56 
 0.54 0.63 0.65 
 0.48 0.65 0.62 
 0.51 0.56 0.56 
 0.44 0.66 0.56 
 0.47 0.67 0.48 
 0.53 0.84 0.47 
 0.52 0.78 0.45 
 0.50 0.69 0.39 
 0.45 0.87 0.43 
 0.49 0.84 0.46 
 0.39 0.79 0.46 
 0.46 0.71 0.55 
 0.40 0.78 0.46 
 0.27 0.80 0.44 
 0.30 0.74 0.34 
 0.26 0.69 0.34 
 0.36 0.72 0.39 
 0.21 0.56 0.20 
 0.51 0.54 0.13 
 0.55 0.54 0.48 
 0.34 0.67 0.52 
 0.37 0.64 0.34 
 0.38 0.55 0.44 
 0.35 0.54 0.49 
 0.32 0.85 0.40 
 0.46 0.83 0.42 
 0.48 0.68 0.42 
 0.61 0.95 0.22 
 0.52 0.68 0.49 
 0.56 1.07 0.27 
 0.55 0.98 0.24 
 0.61 0.80 0.28 
 0.54 0.57 0.40 
 0.52 0.77 0.18 
 0.59 0.95 0.21 
 0.35 0.59 0.21 
 0.52 0.80 0.12 
 0.69 0.69 0.21 
 0.57 0.79 0.07 
 0.57 0.81 0.07 
 0.44 0.67 0.20 
 0.57 0.81 0.18 
 0.52 0.71 0.02 
 0.72 0.57 0.09 
 0.65 0.75 0.18 
 0.65 0.88 0.26 
 0.65 0.75 0.05 
 0.78 0.81 0.37 
 0.82 0.67 0.14 
 0.65 0.93 0.36 
 0.60 1.07 0.57 
 0.79 1.15 0.99 
 0.55 0.76 0.49 
 0.53 0.64 0.62 
 0.36 0.47 0.43 
 0.42 0.52 0.76 
 0.48 0.66 0.68 
 0.39 0.61 0.71 
 0.42 0.62 0.77 
 0.31 0.60 0.69 
 0.27 0.59 0.67 
 0.37 0.57 0.74 
 0.38 0.71 0.54 
 0.18 0.75 0.58 
 0.27 0.70 0.71 
 0.18 0.84 0.53 
 0.05 0.95 0.12 
 0.16 0.55 0.93 
 0.27 0.96 0.52 
 0.47 0.83 0.42 
 0.07 0.68 0.34 
 0.49 0.01 0.04 
 0.19 0.99 0.58 
 0.47 0.85 0.57 
 0.41 0.77 0.26 
 0.35 1.37 0.39 
 0.17 0.01 0.08 
 0.19 1.26 0.05 
 0.14 0.88 0.71 
 0.15 0.85 0.19 
 0.39 1.16 0.07 
 0.78 0.29 0.43 
 0.38 1.07 0.30 
 0.56 0.72 0.34 
 0.46 0.71 0.07 
 0.35 0.88 1.09 
 0.20 0.81 0.10 
 0.14 0.68 1.12 
 0.12 0.67 0.47 
 0.32 0.12 1.67 
 0.45 0.45 0.87 
 0.19 0.44 0.03 
 0.28 0.27 1.40 
 0.43 0.03 1.63 
 0.58 0.02 0.71 
 0.57 0.19 1.02 
 0.52 0.05 0.66 
 0.34 0.06 0.96 
 0.00 0.50 0.65 
 2.00 0.05 2.00 
 0.37 0.07 0.00 
 0.20 0.00 2.00 
 0.09 0.52 0.14 
 0.32 0.08 1.09 
 0.27 0.16 0.63 
 0.26 0.19 1.16 
 0.37 0.09 0.67 
 0.57 0.09 0.68 
 0.66 0.03 0.81 
 0.68 0.03 0.75 
 0.59 0.00 0.81 
 0.56 0.03 0.76 
 0.62 0.00 0.78 
 0.56 0.02 0.79 
 0.60 0.00 0.82 
 0.60 0.00 0.82 
 0.57 0.00 0.79 
 0.60 0.00 0.78 
 0.53 0.01 0.77 
 0.60 0.01 0.82 
 0.62 0.00 0.82 
 0.58 0.00 0.80 
 0.57 0.00 0.79 
 0.54 0.01 0.80 
 0.59 0.00 0.79 
 0.58 0.01 0.80 
 0.58 0.00 0.82 
 0.60 0.00 0.80 
 0.53 0.00 0.79 
 0.61 0.00 0.80 
 0.58 0.01 0.83 
 0.61 0.00 0.79 
 0.60 0.00 0.81 
 0.55 0.01 0.79 
 0.60 0.00 0.79 
 0.58 0.03 0.79 
 0.58 0.00 0.82 
 0.61 0.00 0.84 
 0.55 0.01 0.78 
 0.56 0.00 0.78 
 0.58 0.01 0.79 
 0.60 0.00 0.80 
 0.62 0.00 0.80 
 0.54 0.00 0.79 
 0.54 0.01 0.78 
 0.52 0.01 0.79 
 0.58 0.00 0.82 
 0.58 0.00 0.82 
 0.57 0.00 0.82 
 0.58 0.00 0.79 
 0.54 0.01 0.80 
 0.61 0.00 0.80 
 0.59 0.00 0.80 
 0.58 0.00 0.81 
 0.59 0.00 0.80 
 0.51 0.06 0.81 
 0.60 0.05 0.82 
 0.57 0.05 0.84 
 0.56 0.07 0.81 
 0.57 0.08 0.82 
 0.51 0.10 0.81 
 0.58 0.09 0.84 
 0.57 0.09 0.84 
 0.50 0.10 0.80 
 0.57 0.11 0.81 
 0.55 0.10 0.83 
 0.49 0.12 0.80 
 0.56 0.10 0.81 
 0.54 0.08 0.83 
 0.49 0.08 0.80 
 0.54 0.07 0.81 
 0.55 0.08 0.84 
 0.49 0.10 0.80 
 0.56 0.06 0.83 
 0.56 0.06 0.87 
 0.49 0.07 0.80 
 0.55 0.05 0.83 
 0.54 0.08 0.86 
 0.55 0.06 0.89 
 0.56 0.05 0.83 
 0.49 0.08 0.81 
 0.54 0.06 0.82 
 0.52 0.07 0.83 
 0.55 0.05 0.82 
 0.53 0.05 0.84 
 0.51 0.07 0.82 
 0.52 0.05 0.80 
 0.48 0.07 0.81 
 0.55 0.06 0.80 
 0.51 0.05 0.81 
 0.56 0.03 0.83 
 0.54 0.02 0.84 
 0.52 0.02 0.84 
 0.55 0.00 0.82 
 0.53 0.02 0.79 
 0.57 0.00 0.78 
 0.56 0.01 0.84 
 0.58 0.03 0.83 
 0.54 0.02 0.84 
 0.53 0.06 0.85 
 0.58 0.04 0.88 
 0.54 0.07 0.88 
 0.54 0.08 0.86 
 0.52 0.04 0.86 
 0.48 0.06 0.86 
 0.52 0.06 0.82 
 0.53 0.07 0.84 
 0.51 0.05 0.83 
 0.53 0.07 0.85 
 0.50 0.06 0.83 
 0.52 0.08 0.85 
 0.51 0.08 0.82 
 0.51 0.08 0.82 
 0.52 0.08 0.86 
 0.52 0.07 0.85 
 0.51 0.07 0.85 
 0.49 0.09 0.84 
 0.50 0.09 0.86 
 0.51 0.11 0.84 
 0.52 0.09 0.84 
 0.51 0.09 0.84 
 0.54 0.11 0.88 
 0.50 0.08 0.86 
 0.52 0.08 0.87 
 0.49 0.09 0.85 
 0.52 0.07 0.85 
 0.50 0.06 0.88 
 0.49 0.07 0.88 
 0.50 0.07 0.88 
 0.48 0.09 0.87 
 0.48 0.08 0.82 
 0.49 0.13 0.85 
 0.42 0.08 0.84 
 0.49 0.05 0.83 
 0.47 0.08 0.85 
 0.48 0.06 0.86 
 0.48 0.06 0.88 
 0.54 0.08 0.89 
 0.47 0.01 0.84 
 0.52 0.05 0.86 
 0.49 0.07 0.86 
 0.51 0.06 0.86 
 0.45 0.08 0.81 
 0.51 0.06 0.83 
 0.52 0.06 0.86 
 0.49 0.07 0.86 
 0.49 0.07 0.86 
 0.46 0.04 0.83 
 0.48 0.05 0.83 
 0.46 0.03 0.85 
 0.45 0.05 0.86 
 0.41 0.04 0.85 
 0.45 0.02 0.86 
 0.49 0.04 0.92 
 0.44 0.02 0.92 
 0.47 0.05 0.91 
 0.41 0.05 0.85 
 0.46 0.01 0.91 
 0.45 0.08 0.92 
 0.42 0.05 0.89 
 0.42 0.02 0.93 
 0.40 0.00 0.92 
 0.43 0.03 0.89 
 0.36 0.02 0.90 
 0.39 0.00 0.89 
 0.41 0.03 0.92 
 0.36 0.00 0.84 
 0.35 0.04 0.79 
 0.42 0.06 0.89 
 0.36 0.06 0.85 
 0.46 0.05 0.95 
 0.45 0.07 0.95 
 0.46 0.06 0.94 
 0.43 0.03 0.92 
 0.40 0.05 0.94 
 0.43 0.02 0.93 
 0.46 0.04 0.93 
 0.42 0.06 0.90 
 0.46 0.06 0.90 
 0.45 0.05 0.90 
 0.48 0.00 0.89 
 0.49 0.01 0.89 
 0.45 0.02 0.90 
 0.46 0.04 0.94 
 0.44 0.02 0.92 
 0.43 0.01 0.92 
 0.41 0.03 0.87 
 0.46 0.03 0.91 
 0.42 0.00 0.87 
 0.46 0.00 0.89 
 0.46 0.01 0.93 
 0.41 0.02 0.93 
 0.43 0.03 0.91 
 0.40 0.03 0.92 
 0.40 0.02 0.93 
 0.41 0.03 0.95 
 0.38 0.02 0.95 
 0.39 0.03 0.93 
 0.39 0.03 0.97 
 0.36 0.03 0.95 
 0.35 0.03 0.94 
 0.36 0.02 0.93 
 0.37 0.04 0.96 
 0.35 0.02 0.96 
 0.35 0.00 0.95 
 0.35 0.00 0.90 
 0.40 0.05 0.92 
 0.42 0.01 0.87 
 0.38 0.04 1.00 
 0.31 0.02 0.88 
 0.38 0.01 0.97 
 0.34 0.00 0.95 
 0.37 0.01 0.92 
 0.32 0.00 0.91 
 0.29 0.00 0.84 
 0.36 0.01 0.92 
 0.29 0.00 0.95 
 0.38 0.00 0.99 
 0.36 0.02 0.96 
 0.37 0.00 0.97 
 0.33 0.00 0.96 
 0.38 0.00 0.97 
 0.39 0.00 0.93 
 0.37 0.00 0.96 
 0.34 0.02 0.96 
 0.36 0.02 0.90 
 0.38 0.01 0.93 
 0.35 0.01 0.93 
 0.41 0.01 0.97 
 0.37 0.05 0.95 
 0.37 0.05 0.93 
 0.36 0.02 0.95 
 0.35 0.01 0.91 
 0.36 0.00 0.95 
 0.33 0.01 0.91 
 0.39 0.03 0.95 
 0.37 0.06 0.96 
 0.34 0.04 0.95 
 0.37 0.02 0.98 
 0.35 0.05 0.95 
 0.34 0.03 0.96 
 0.34 0.08 1.00 
 0.32 0.09 0.93 
 0.37 0.09 0.95 
 0.38 0.10 0.94 
 0.35 0.06 0.85 
 0.38 0.06 0.81 
 0.41 0.03 0.84 
 0.43 0.10 0.96 
 0.40 0.06 0.91 
 0.44 0.09 0.94 
 0.41 0.08 0.86 
 0.48 0.11 0.91 
 0.43 0.12 0.93 
 0.43 0.09 0.93 
 0.43 0.14 0.97 
 0.34 0.11 0.92 
 0.36 0.12 0.92 
 0.40 0.09 0.91 
 0.39 0.09 0.93 
 0.38 0.06 0.91 
 0.35 0.09 0.91 
 0.37 0.08 0.89 
 0.31 0.08 0.92 
 0.37 0.05 0.93 
 0.36 0.08 0.93 
 0.35 0.08 0.91 
 0.40 0.08 0.95 
 0.36 0.09 0.91 
 0.40 0.10 0.93 
 0.37 0.12 0.94 
 0.41 0.14 0.97 
 0.38 0.14 0.95 
 0.37 0.15 0.94 
 0.39 0.18 0.92 
 0.42 0.15 0.91 
 0.39 0.14 0.93 
 0.34 0.13 0.86 
 0.36 0.13 0.85 
 0.38 0.11 0.82 
 0.46 0.11 0.81 
 0.41 0.10 0.76 
 0.43 0.11 0.74 
 0.44 0.11 0.75 
 0.51 0.12 0.82 
 0.47 0.13 0.85 
 0.44 0.17 0.88 
 0.40 0.14 0.85 
 0.42 0.14 0.82 
 0.35 0.12 0.71 
 0.43 0.11 0.79 
 0.45 0.12 0.84 
 0.46 0.14 0.86 
 0.49 0.15 0.88 
 0.43 0.12 0.91 
 0.48 0.14 0.90 
 0.47 0.12 0.88 
 0.48 0.16 0.89 
 0.47 0.18 0.86 
 0.51 0.14 0.85 
 0.50 0.14 0.85 
 0.49 0.13 0.84 
 0.44 0.14 0.79 
 0.52 0.15 0.81 
 0.42 0.03 0.84 
 0.43 0.12 0.98 
 0.41 0.09 0.90 
 0.52 0.15 0.92 
 0.40 0.13 0.84 
 0.51 0.09 0.79 
 0.46 0.10 0.81 
 0.47 0.13 0.94 
 0.44 0.11 0.98 
 0.39 0.12 0.80 
 0.38 0.09 0.83 
 0.43 0.16 0.88 
 0.41 0.08 0.83 
 0.43 0.12 0.88 
 0.46 0.09 0.90 
 0.45 0.07 0.86 
 0.48 0.10 0.88 
 0.42 0.11 0.89 
 0.47 0.10 0.94 
 0.45 0.10 0.89 
 0.49 0.11 0.93 
 0.44 0.08 0.91 
 0.47 0.11 0.92 
 0.43 0.10 0.84 
 0.47 0.07 0.85 
 0.45 0.09 0.86 
 0.47 0.11 0.83 
 0.49 0.08 0.83 
 0.49 0.09 0.90 
 0.49 0.12 0.90 
 0.50 0.07 0.89 
 0.44 0.10 0.92 
 0.47 0.11 0.88 
 0.49 0.06 0.82 
 0.45 0.08 0.86 
 0.43 0.11 0.85 
 0.46 0.08 0.87 
 0.44 0.09 0.88 
 0.45 0.11 0.83 
 0.43 0.06 0.85 
 0.44 0.08 0.90 
 0.47 0.10 0.91 
 0.45 0.07 0.89 
 0.48 0.08 0.89 
 0.46 0.09 0.87 
 0.46 0.08 0.86 
 0.44 0.07 0.87 
 0.46 0.05 0.85 
 0.44 0.05 0.85 
 0.47 0.05 0.88 
 0.48 0.05 0.88 
 0.51 0.06 0.89 
 0.47 0.05 0.86 
 0.51 0.06 0.89 
 0.47 0.03 0.87 
 0.54 0.07 0.90 
 0.46 0.06 0.87 
 0.51 0.06 0.86 
 0.48 0.06 0.82 
 0.50 0.08 0.85 
 0.49 0.07 0.81 
 0.48 0.04 0.86 
 0.48 0.05 0.86 
 0.51 0.07 0.87 
 0.48 0.08 0.85 
 0.50 0.06 0.85 
 0.52 0.05 0.86 
 0.49 0.06 0.84 
 0.51 0.06 0.88 
 0.53 0.07 0.87 
 0.53 0.10 0.88 
 0.52 0.06 0.83 
 0.52 0.04 0.83 
 0.51 0.04 0.86 
 0.52 0.04 0.87 
 0.55 0.06 0.87 
 0.49 0.07 0.84 
 0.55 0.07 0.83 
 0.52 0.07 0.80 
 0.52 0.06 0.82 
 0.51 0.08 0.83 
 0.48 0.06 0.81 
 0.52 0.04 0.81 
 0.51 0.05 0.84 
 0.53 0.06 0.81 
 0.53 0.04 0.82 
 0.54 0.04 0.82 
 0.52 0.05 0.82 
 0.56 0.07 0.83 
 0.59 0.06 0.81 
 0.56 0.05 0.83 
 0.57 0.06 0.83 
 0.56 0.06 0.80 
 0.57 0.06 0.81 
 0.55 0.05 0.83 
 0.56 0.04 0.80 
 0.56 0.05 0.81 
 0.53 0.04 0.80 
 0.57 0.05 0.84 
 0.55 0.04 0.81 
 0.57 0.00 0.83 
 0.54 0.00 0.82 
 0.52 0.01 0.86 
 0.56 0.03 0.82 
 0.61 0.01 0.80 
 0.51 0.00 0.81 
 0.59 0.01 0.86 
 0.57 0.04 0.81 
 0.51 0.03 0.82 
 0.55 0.02 0.86 
 0.58 0.07 0.85 
 0.57 0.03 0.82 
 0.55 0.03 0.83 
 0.52 0.03 0.83 
 0.56 0.00 0.83 
 0.56 0.01 0.82 
 0.54 0.05 0.83 
 0.56 0.03 0.83 
 0.55 0.03 0.83 
 0.57 0.02 0.86 
 0.57 0.00 0.82 
 0.56 0.00 0.84 
 0.58 0.01 0.82 
 0.56 0.01 0.85 
 0.53 0.02 0.83 
 0.54 0.05 0.85 
 0.54 0.04 0.85 
 0.54 0.08 0.83 
 0.53 0.14 0.81 
 0.51 0.13 0.83 
 0.52 0.11 0.83 
 0.51 0.13 0.86 
 0.55 0.14 0.85 
 0.52 0.10 0.83 
 0.55 0.15 0.86 
 0.53 0.14 0.81 
 0.57 0.11 0.83 
 0.58 0.15 0.83 
 0.60 0.13 0.82 
 0.57 0.15 0.78 
 0.56 0.16 0.77 
 0.61 0.14 0.75 
 0.57 0.15 0.77 
 0.60 0.16 0.76 
 0.65 0.12 0.82 
 0.58 0.15 0.73 
 0.57 0.15 0.75 
 0.59 0.14 0.87 
 0.60 0.13 0.84 
 0.53 0.13 0.76 
 0.55 0.15 0.79 
 0.60 0.15 0.78 
 0.62 0.12 0.83 
 0.55 0.14 0.76 
 0.61 0.15 0.78 
 0.66 0.13 0.84 
 0.54 0.10 0.80 
 0.55 0.14 0.78 
 0.61 0.12 0.82 
 0.60 0.11 0.78 
 0.60 0.14 0.76 
 0.62 0.11 0.77 
 0.59 0.11 0.79 
 0.61 0.13 0.76 
 0.58 0.11 0.78 
 0.61 0.14 0.76 
 0.59 0.12 0.77 
 0.62 0.15 0.78 
 0.63 0.15 0.79 
 0.61 0.14 0.79 
 0.65 0.15 0.81 
 0.57 0.14 0.79 
 0.56 0.11 0.80 
 0.61 0.10 0.77 
 0.59 0.10 0.75 
 0.61 0.07 0.78 
 0.60 0.10 0.79 
 0.56 0.10 0.76 
 0.57 0.08 0.78 
 0.64 0.07 0.81 
 0.62 0.01 0.85 
 0.60 0.06 0.82 
 0.59 0.06 0.80 
 0.59 0.05 0.82 
 0.57 0.09 0.81 
 0.56 0.07 0.78 
 0.52 0.06 0.76 
 0.51 0.05 0.76 
 0.54 0.01 0.79 
 0.54 0.01 0.82 
 0.54 0.03 0.79 
 0.55 0.04 0.81 
 0.57 0.04 0.80 
 0.53 0.02 0.81 
 0.56 0.03 0.82 
 0.56 0.02 0.84 
 0.53 0.03 0.81 
 0.55 0.01 0.84 
 0.59 0.01 0.85 
 0.59 0.02 0.84 
 0.55 0.02 0.81 
 0.55 0.02 0.81 
 0.56 0.01 0.81 
 0.53 0.01 0.82 
 0.52 0.02 0.84 
 0.52 0.03 0.84 
 0.52 0.02 0.86 
 0.51 0.03 0.84 
 0.49 0.02 0.86 
 0.46 0.03 0.86 
 0.46 0.02 0.86 
 0.45 0.02 0.86 
 0.46 0.01 0.86 
 0.44 0.02 0.87 
 0.45 0.00 0.86 
 0.48 0.02 0.89 
 0.44 0.03 0.88 
 0.46 0.03 0.91 
 0.48 0.02 0.89 
 0.43 0.02 0.88 
 0.46 0.03 0.87 
 0.47 0.02 0.89 
 0.48 0.03 0.88 
 0.44 0.02 0.87 
 0.43 0.02 0.88 
 0.45 0.03 0.88 
 0.46 0.07 0.95 
 0.47 0.06 0.88 
 0.43 0.05 0.88 
 0.45 0.08 0.89 
 0.45 0.10 0.90 
 0.42 0.07 0.88 
 0.43 0.07 0.87 
 0.44 0.09 0.89 
 0.43 0.10 0.89 
 0.41 0.09 0.88 
 0.40 0.09 0.89 
 0.41 0.10 0.87 
 0.44 0.10 0.87 
 0.46 0.12 0.89 
 0.42 0.11 0.89 
 0.38 0.08 0.91 
 0.40 0.14 0.92 
 0.39 0.12 0.91 
 0.37 0.09 0.88 
 0.36 0.12 0.88 
 0.38 0.12 0.89 
 0.36 0.10 0.91 
 0.38 0.12 0.94 
 0.36 0.13 0.94 
 0.36 0.10 0.92 
 0.37 0.12 0.94 
 0.38 0.11 0.95 
 0.37 0.09 0.92 
 0.41 0.13 0.95 
 0.40 0.11 0.91 
 0.40 0.11 0.92 
 0.35 0.10 0.89 
 0.43 0.10 0.92 
 0.42 0.11 0.92 
 0.38 0.09 0.92 
 0.41 0.09 0.92 
 0.40 0.07 0.93 
 0.40 0.09 0.95 
 0.36 0.09 0.96 
 0.39 0.11 0.96 
 0.38 0.10 0.94 
 0.36 0.10 0.94 
 0.38 0.12 0.94 
 0.34 0.09 0.91 
 0.36 0.11 0.93 
 0.32 0.10 0.91 
 0.34 0.10 0.93 
 0.32 0.12 0.94 
 0.31 0.11 0.94 
 0.34 0.12 0.96 
 0.31 0.10 0.96 
 0.32 0.10 0.95 
 0.30 0.09 0.92 
 0.34 0.11 0.95 
 0.32 0.08 0.94 
 0.35 0.10 0.96 
 0.35 0.11 0.93 
 0.37 0.10 0.94 
 0.34 0.09 0.91 
 0.36 0.10 0.94 
 0.33 0.11 0.95 
 0.36 0.10 0.94 
 0.31 0.12 0.90 
 0.34 0.12 0.89 
 0.32 0.11 0.91 
 0.34 0.10 0.86 
 0.35 0.11 0.90 
 0.32 0.11 0.90 
 0.38 0.13 0.92 
 0.34 0.10 0.89 
 0.36 0.12 0.93 
 0.34 0.07 0.89 
 0.38 0.11 0.93 
 0.38 0.10 0.87 
 0.39 0.10 0.89 
 0.37 0.11 0.90 
 0.40 0.11 0.89 
 0.41 0.11 0.90 
 0.40 0.10 0.88 
 0.45 0.11 0.90 
 0.39 0.09 0.88 
 0.44 0.10 0.90 
 0.44 0.10 0.91 
 0.44 0.10 0.88 
 0.42 0.11 0.85 
 0.45 0.13 0.83 
 0.41 0.10 0.84 
 0.43 0.11 0.84 
 0.44 0.09 0.85 
 0.46 0.11 0.87 
 0.44 0.10 0.90 
 0.41 0.09 0.89 
 0.46 0.08 0.89 
 0.44 0.09 0.91 
 0.39 0.09 0.92 
 0.41 0.08 0.92 
 0.41 0.06 0.91 
 0.44 0.09 0.92 
 0.44 0.09 0.88 
 0.42 0.08 0.86 
 0.41 0.08 0.88 
 0.40 0.09 0.91 
 0.41 0.08 0.87 
 0.45 0.10 0.87 
 0.40 0.11 0.85 
 0.38 0.08 0.86 
 0.41 0.09 0.87 
 0.42 0.12 0.91 
 0.41 0.11 0.91 
 0.38 0.11 0.93 
 0.35 0.12 0.91 
 0.36 0.11 0.93 
 0.36 0.10 0.95 
 0.36 0.11 0.90 
 0.38 0.11 0.86 
 0.38 0.11 0.85 
 0.39 0.10 0.87 
 0.37 0.08 0.88 
 0.41 0.10 0.88 
 0.42 0.11 0.87 
 0.44 0.08 0.89 
 0.46 0.12 0.89 
 0.42 0.10 0.87 
 0.43 0.10 0.87 
 0.47 0.11 0.89 
 0.47 0.10 0.87 
 0.46 0.09 0.87 
 0.47 0.10 0.89 
 0.44 0.10 0.86 
 0.43 0.10 0.87 
 0.38 0.08 0.85 
 0.42 0.10 0.86 
 0.42 0.12 0.86 
 0.46 0.10 0.89 
 0.47 0.10 0.91 
 0.41 0.11 0.90 
 0.42 0.11 0.86 
 0.46 0.11 0.86 
 0.49 0.12 0.87 
 0.45 0.12 0.92 
 0.41 0.11 0.90 
 0.43 0.08 0.88 
 0.45 0.12 0.90 
 0.44 0.10 0.89 
 0.45 0.11 0.87 
 0.41 0.10 0.86 
 0.42 0.09 0.85 
 0.42 0.09 0.84 
 0.49 0.08 0.85 
 0.48 0.10 0.86 
 0.47 0.11 0.88 
 0.45 0.08 0.87 
 0.43 0.07 0.86 
 0.42 0.08 0.86 
 0.43 0.09 0.89 
 0.45 0.08 0.90 
 0.45 0.10 0.90 
 0.43 0.09 0.87 
 0.45 0.10 0.89 
 0.44 0.10 0.90 
 0.44 0.09 0.88 
 0.47 0.09 0.88 
 0.50 0.09 0.90 
 0.46 0.08 0.87 
 0.48 0.09 0.87 
 0.47 0.09 0.85 
 0.47 0.07 0.87 
 0.48 0.08 0.87 
 0.48 0.09 0.88 
 0.47 0.07 0.84 
 0.48 0.09 0.85 
 0.48 0.09 0.84 
 0.50 0.08 0.84 
 0.47 0.07 0.84 
 0.48 0.08 0.87 
 0.47 0.10 0.88 
 0.47 0.11 0.90 
 0.46 0.10 0.89 
 0.46 0.11 0.88 
 0.46 0.10 0.85 
 0.47 0.10 0.84 
 0.46 0.08 0.82 
 0.49 0.09 0.83 
 0.53 0.12 0.85 
 0.55 0.09 0.79 
 0.51 0.09 0.83 
 0.52 0.10 0.82 
 0.50 0.10 0.79 
 0.51 0.09 0.79 
 0.56 0.09 0.81 
 0.52 0.10 0.81 
 0.50 0.07 0.82 
 0.52 0.10 0.81 
 0.53 0.08 0.81 
 0.54 0.10 0.79 
 0.49 0.09 0.81 
 0.50 0.10 0.76 
 0.57 0.10 0.80 
 0.55 0.11 0.81 
 0.58 0.10 0.78 
 0.58 0.10 0.79 
 0.61 0.11 0.86 
 0.61 0.10 0.81 
 0.60 0.10 0.76 
 0.60 0.08 0.76 
 0.61 0.06 0.82 
 0.65 0.08 0.85 
 0.55 0.08 0.76 
 0.61 0.08 0.79 
 0.62 0.05 0.81 
 0.61 0.05 0.86 
 0.66 0.07 0.91 
 0.59 0.04 0.85 
 0.67 0.05 0.85 
 0.59 0.04 0.83 
 0.54 0.05 0.86 
 0.61 0.06 0.78 
 0.56 0.05 0.71 
 0.59 0.05 0.73 
 0.57 0.06 0.73 
 0.63 0.06 0.79 
 0.61 0.08 0.75 
 0.63 0.06 0.75 
 0.64 0.09 0.74 
 0.69 0.10 0.73 
 0.65 0.11 0.72 
 0.61 0.07 0.68 
 0.66 0.07 0.67 
 0.65 0.07 0.67 
 0.69 0.08 0.72 
 0.67 0.10 0.75 
 0.64 0.05 0.73 
 0.64 0.08 0.75 
 0.66 0.08 0.71 
 0.66 0.07 0.69 
 0.65 0.08 0.72 
 0.61 0.06 0.70 
 0.60 0.08 0.72 
 0.62 0.09 0.74 
 0.66 0.09 0.76 
 0.60 0.08 0.71 
 0.61 0.05 0.72 
 0.67 0.06 0.80 
 0.68 0.10 0.84 
 0.72 0.07 0.83 
 0.71 0.06 0.83 
 0.76 0.07 0.82 
 0.67 0.04 0.68 
 0.59 0.06 0.66 
 0.63 0.05 0.63 
 0.64 0.06 0.63 
 0.65 0.01 0.68 
 0.60 0.04 0.67 
 0.61 0.00 0.73 
 0.67 0.00 0.74 
 0.66 0.01 0.74 
 0.65 0.01 0.78 
 0.65 0.04 0.90 
 0.61 0.03 0.87 
 0.69 0.06 0.97 
 0.64 0.05 0.88 
 0.72 0.03 0.85 
 0.56 0.05 0.75 
 0.58 0.05 0.72 
 0.59 0.08 0.71 
 0.63 0.08 0.71 
 0.59 0.08 0.74 
 0.56 0.07 0.72 
 0.62 0.08 0.77 
 0.63 0.07 0.76 
 0.64 0.08 0.80 
 0.62 0.10 0.78 
 0.61 0.09 0.77 
 0.63 0.11 0.78 
 0.63 0.11 0.73 
 0.63 0.06 0.76 
 0.61 0.05 0.75 
 0.61 0.06 0.77 
 0.60 0.04 0.78 
 0.59 0.02 0.79 
 0.65 0.04 0.84 
 0.60 0.04 0.83 
 0.60 0.03 0.81 
 0.59 0.04 0.79 
 0.60 0.05 0.79 
 0.63 0.03 0.81 
 0.63 0.06 0.83 
 0.58 0.03 0.84 
 0.59 0.06 0.83 
 0.59 0.05 0.85 
 0.56 0.07 0.81 
 0.52 0.03 0.78 
 0.47 0.05 0.72 
 0.51 0.06 0.72 
 0.47 0.04 0.67 
 0.53 0.04 0.71 
 0.51 0.03 0.71 
 0.55 0.03 0.79 
 0.55 0.06 0.83 
 0.53 0.04 0.79 
 0.57 0.08 0.80 
 0.49 0.04 0.73 
 0.58 0.07 0.82 
 0.54 0.09 0.85 
 0.55 0.10 0.82 
 0.55 0.08 0.84 
 0.55 0.09 0.87 
 0.53 0.10 0.85 
 0.54 0.09 0.85 
 0.51 0.10 0.86 
 0.49 0.09 0.84 
 0.47 0.02 0.82 
 0.54 0.06 0.90 
 0.49 0.08 0.90 
 0.44 0.02 0.81 
 0.47 0.00 0.77 
 0.42 0.00 0.74 
 0.43 0.06 0.74 
 0.46 0.08 0.75 
 0.42 0.01 0.77 
 0.43 0.00 0.82 
 0.50 0.00 0.89 
 0.49 0.00 0.88 
 0.51 0.00 0.88 
 0.54 0.01 0.91 
 0.55 0.00 0.93 
 0.55 0.02 0.97 
 0.53 0.00 0.92 
 0.52 0.04 0.83 
 0.47 0.04 0.88 
 0.46 0.01 0.83 
 0.45 0.01 0.87 
 0.41 0.00 0.82 
 0.43 0.01 0.87 
 0.35 0.03 0.86 
 0.41 0.04 0.85 
 0.33 0.04 0.88 
 0.35 0.04 0.88 
 0.39 0.03 0.92 
 0.34 0.03 0.90 
 0.37 0.04 0.91 
 0.41 0.03 0.92 
 0.41 0.04 0.95 
 0.43 0.05 0.96 
 0.46 0.03 0.98 
 0.44 0.04 0.95 
 0.42 0.05 0.94 
 0.45 0.06 0.90 
 0.47 0.06 0.93 
 0.45 0.05 0.90 
 0.45 0.07 0.83 
 0.45 0.06 0.84 
 0.46 0.08 0.86 
 0.45 0.06 0.88 
 0.46 0.07 0.85 
 0.46 0.06 0.89 
 0.41 0.07 0.87 
 0.44 0.04 0.89 
 0.43 0.06 0.91 
 0.43 0.07 0.89 
 0.43 0.03 0.90 
 0.46 0.01 0.91 
 0.42 0.02 0.91 
 0.46 0.03 0.91 
 0.43 0.03 0.90 
 0.43 0.03 0.91 
 0.40 0.04 0.89 
 0.43 0.05 0.90 
 0.43 0.04 0.92 
 0.42 0.01 0.94 
 0.43 0.03 0.92 
 0.43 0.01 0.84 
 0.43 0.02 0.84 
 0.41 0.04 0.88 
 0.46 0.05 0.91 
 0.44 0.03 0.90 
 0.44 0.02 0.89 
 0.47 0.03 0.93 
 0.43 0.03 0.88 
 0.46 0.05 0.90 
 0.45 0.03 0.91 
 0.44 0.04 0.85 
 0.48 0.03 0.90 
 0.47 0.02 0.99 
 0.44 0.03 0.86 
 0.49 0.01 0.92 
 0.43 0.02 0.90 
 0.43 0.01 0.90 
 0.42 0.01 0.88 
 0.43 0.00 0.89 
 0.41 0.04 0.84 
 0.41 0.04 0.82 
 0.43 0.01 0.88 
 0.39 0.02 0.89 
 0.43 0.00 0.86 
 0.46 0.00 0.83 
 0.44 0.03 1.10 
 0.50 0.07 0.96 
 0.49 0.03 0.96 
 0.52 0.06 0.93 
 0.39 0.00 0.88 
 0.38 0.02 0.83 
 0.47 0.01 0.95 
 0.37 0.03 0.88 
 0.50 0.03 0.99 
 0.36 0.03 0.96 
 0.47 0.02 1.04 
 0.42 0.03 0.88 
 0.40 0.02 0.90 
 0.47 0.02 0.90 
 0.48 0.02 0.88 
 0.41 0.03 0.85 
 0.42 0.04 0.87 
 0.43 0.05 0.85 
 0.43 0.02 0.88 
 0.40 0.03 0.85 
 0.48 0.04 0.88 
 0.45 0.02 0.88 
 0.48 0.06 0.89 
 0.45 0.08 0.89 
 0.50 0.06 0.81 
 0.44 0.09 0.84 
 0.45 0.10 0.88 
 0.47 0.09 0.87 
 0.50 0.04 0.92 
 0.49 0.02 0.91 
 0.45 0.04 0.88 
 0.47 0.03 0.85 
 0.46 0.07 0.87 
 0.50 0.03 0.88 
 0.55 0.07 0.86 
 0.52 0.06 0.90 
 0.46 0.08 0.83 
 0.53 0.00 0.83 
 0.43 0.05 0.77 
 0.48 0.00 0.86 
 0.41 0.04 0.85 
 0.43 0.01 0.86 
 0.47 0.01 0.87 
 0.45 0.02 0.92 
 0.41 0.01 0.82 
 0.46 0.01 0.86 
 0.45 0.02 0.88 
 0.44 0.02 0.90 
 0.46 0.03 0.90 
 0.48 0.02 0.91 
 0.50 0.03 0.89 
 0.46 0.00 0.88 
 0.45 0.02 0.86 
 0.46 0.01 0.87 
 0.41 0.03 0.85 
 0.49 0.01 0.86 
 0.50 0.02 0.86 
 0.51 0.02 0.87 
 0.49 0.02 0.84 
 0.48 0.03 0.87 
 0.52 0.02 0.83 
 0.54 0.03 0.86 
 0.53 0.00 0.92 
 0.52 0.02 0.88 
 0.50 0.01 0.85 
 0.48 0.01 0.84 
 0.48 0.02 0.83 
 0.51 0.02 0.86 
 0.47 0.02 0.85 
 0.47 0.01 0.87 
 0.47 0.01 0.86 
 0.44 0.00 0.83 
 0.51 0.02 0.87 
 0.51 0.03 0.90 
 0.45 0.03 0.91 
 0.48 0.04 0.88 
 0.42 0.03 0.87 
 0.48 0.05 0.91 
 0.45 0.04 0.90 
 0.46 0.07 0.90 
 