0.04 0.24 0.96 
 0.04 0.27 0.98 
 0.05 0.23 0.97 
 0.04 0.25 0.93 
 0.04 0.27 0.98 
 0.05 0.26 0.95 
 0.04 0.25 0.94 
 0.05 0.27 0.95 
 0.04 0.31 0.97 
 0.06 0.31 0.98 
 0.06 0.31 1.00 
 0.00 0.26 0.96 
 0.01 0.24 0.94 
 0.04 0.23 0.92 
 0.02 0.25 0.93 
 0.03 0.26 0.98 
 0.00 0.27 0.97 
 0.02 0.26 0.98 
 0.04 0.27 1.01 
 0.03 0.29 1.01 
 0.04 0.26 1.00 
 0.07 0.27 0.97 
 0.07 0.32 1.01 
 0.03 0.32 0.94 
 0.02 0.31 0.97 
 0.05 0.24 0.97 
 0.03 0.23 0.96 
 0.00 0.21 0.93 
 0.00 0.22 0.95 
 0.02 0.23 0.97 
 0.06 0.23 0.98 
 0.03 0.24 0.95 
 0.03 0.28 0.94 
 0.02 0.24 0.95 
 0.04 0.25 0.97 
 0.00 0.23 1.01 
 0.03 0.22 1.02 
 0.06 0.28 1.04 
 0.04 0.19 0.97 
 0.03 0.25 0.98 
 0.06 0.27 0.99 
 0.06 0.20 0.94 
 0.06 0.23 0.97 
 0.09 0.26 0.94 
 0.08 0.22 0.94 
 0.07 0.26 0.98 
 0.08 0.25 0.96 
 0.05 0.28 0.96 
 0.04 0.30 1.02 
 0.10 0.21 0.96 
 0.04 0.30 0.93 
 0.01 0.36 0.93 
 0.05 0.28 0.97 
 0.04 0.29 0.94 
 0.04 0.30 0.99 
 0.07 0.30 0.93 
 0.06 0.27 0.95 
 0.01 0.24 0.92 
 0.03 0.20 0.91 
 0.09 0.20 0.96 
 0.09 0.05 1.00 
 0.06 0.06 0.98 
 0.07 0.08 1.04 
 0.11 0.03 1.04 
 0.07 0.06 1.01 
 0.06 0.06 0.99 
 0.07 0.07 0.97 
 0.05 0.09 1.02 
 0.09 0.03 1.02 
 0.08 0.08 0.99 
 0.09 0.06 0.99 
 0.07 0.07 0.98 
 0.07 0.09 1.01 
 0.09 0.06 0.98 
 0.08 0.07 1.00 
 0.10 0.07 1.01 
 0.08 0.07 0.99 
 0.08 0.09 0.98 
 0.09 0.05 1.00 
 0.09 0.08 0.99 
 0.10 0.05 1.04 
 0.10 0.09 1.02 
 0.11 0.09 1.01 
 0.10 0.08 1.03 
 0.13 0.10 1.09 
 0.12 0.11 1.11 
 0.11 0.10 1.09 
 0.08 0.11 1.06 
 0.10 0.09 1.04 
 0.08 0.11 0.98 
 0.05 0.09 0.97 
 0.06 0.08 0.96 
 0.06 0.05 0.95 
 0.05 0.07 0.94 
 0.06 0.05 0.98 
 0.06 0.07 0.98 
 0.04 0.06 1.01 
 0.07 0.05 1.04 
 0.06 0.07 1.01 
 0.06 0.05 1.00 
 0.06 0.03 0.98 
 0.05 0.04 0.94 
 0.06 0.04 0.95 
 0.05 0.05 0.97 
 0.07 0.05 1.00 
 0.08 0.05 1.04 
 0.08 0.06 1.06 
 0.08 0.03 1.05 
 0.08 0.05 1.03 
 0.07 0.04 1.02 
 0.07 0.05 1.01 
 0.07 0.05 1.00 
 0.07 0.02 1.03 
 0.12 0.05 0.95 
 0.20 0.08 1.00 
 0.19 0.12 1.04 
 0.15 0.08 1.01 
 0.08 0.08 1.04 
 0.11 0.13 1.03 
 0.08 0.15 1.04 
 0.08 0.14 0.94 
 0.05 0.13 0.94 
 0.06 0.17 0.82 
 0.08 0.11 0.86 
 0.07 0.11 0.86 
 0.06 0.08 0.85 
 0.10 0.06 0.95 
 0.10 0.06 1.01 
 0.13 0.03 1.06 
 0.15 0.01 1.11 
 0.16 0.02 1.18 
 0.12 0.02 1.18 
 0.13 0.01 1.18 
 0.14 0.00 1.15 
 0.13 0.02 1.08 
 0.12 0.04 1.01 
 0.11 0.01 1.00 
 0.12 0.00 0.97 
 0.11 0.02 0.95 
 0.10 0.02 0.96 
 0.13 0.02 0.98 
 0.11 0.01 0.98 
 0.11 0.00 0.96 
 0.12 0.05 0.97 
 0.09 0.07 0.92 
 0.10 0.06 1.00 
 0.10 0.07 0.97 
 0.10 0.05 0.99 
 0.08 0.07 0.97 
 0.08 0.06 1.00 
 0.11 0.06 1.02 
 0.12 0.05 1.05 
 0.12 0.04 1.06 
 0.12 0.00 1.01 
 0.12 0.00 1.07 
 0.10 0.01 1.01 
 0.09 0.04 1.06 
 0.09 0.01 1.01 
 0.08 0.02 1.02 
 0.09 0.01 1.01 
 0.10 0.00 1.00 
 0.10 0.01 1.00 
 0.10 0.00 1.03 
 0.07 0.01 0.99 
 0.08 0.01 1.01 
 0.10 0.01 1.01 
 0.10 0.01 0.97 
 0.11 0.02 1.00 
 0.07 0.00 0.98 
 0.09 0.00 0.98 
 0.09 0.00 1.01 
 0.10 0.02 0.99 
 0.10 0.01 0.96 
 0.11 0.01 1.03 
 0.12 0.03 1.00 
 0.09 0.00 0.94 
 0.10 0.01 1.01 
 0.10 0.02 1.01 
 0.11 0.04 1.03 
 0.09 0.00 1.00 
 0.09 0.00 0.98 
 0.13 0.01 1.00 
 0.12 0.00 1.01 
 0.11 0.00 1.02 
 0.11 0.00 1.02 
 0.11 0.00 1.01 
 0.11 0.00 1.03 
 0.13 0.00 1.04 
 0.15 0.00 1.05 
 0.12 0.01 1.06 
 0.12 0.01 1.08 
 0.14 0.01 1.03 
 0.12 0.01 1.03 
 0.12 0.01 1.01 
 0.10 0.00 0.98 
 0.08 0.01 0.93 
 0.08 0.00 0.94 
 0.07 0.02 0.92 
 0.07 0.03 0.92 
 0.09 0.03 0.97 
 0.10 0.01 1.01 
 0.09 0.02 1.02 
 0.11 0.01 1.04 
 0.09 0.00 1.03 
 0.06 0.01 0.99 
 0.06 0.00 1.01 
 0.08 0.00 0.98 
 0.03 0.00 0.92 
 0.07 0.00 0.96 
 0.07 0.00 0.97 
 0.08 0.02 0.95 
 0.13 0.00 1.02 
 0.13 0.01 1.00 
 0.11 0.00 1.00 
 0.10 0.01 1.00 
 0.09 0.04 1.02 
 0.12 0.01 1.03 
 0.11 0.02 1.03 
 0.12 0.00 1.05 
 0.12 0.01 0.96 
 0.12 0.04 1.00 
 0.11 0.03 0.95 
 0.11 0.00 0.96 
 0.09 0.02 0.96 
 0.13 0.04 0.97 
 0.12 0.05 0.94 
 0.12 0.03 0.93 
 0.12 0.05 0.94 
 0.14 0.09 0.97 
 0.11 0.05 1.02 
 0.12 0.08 1.12 
 0.11 0.10 1.15 
 0.15 0.06 1.14 
 0.12 0.11 1.19 
 0.12 0.12 1.10 
 0.14 0.02 1.09 
 0.13 0.10 0.99 
 0.08 0.00 0.97 
 0.09 0.05 0.94 
 0.12 0.03 0.95 
 0.12 0.00 0.98 
 0.10 0.00 0.94 
 0.13 0.01 1.00 
 0.11 0.03 0.94 
 0.10 0.01 0.96 
 0.11 0.01 0.95 
 0.13 0.01 0.95 
 0.16 0.00 0.96 
 0.13 0.00 1.00 
 0.07 0.00 0.95 
 0.10 0.02 1.02 
 0.11 0.03 1.07 
 0.07 0.01 1.11 
 0.06 0.02 1.11 
 0.06 0.03 1.11 
 0.08 0.05 1.09 
 0.03 0.01 1.05 
 0.07 0.02 1.00 
 0.08 0.01 1.03 
 0.09 0.00 0.99 
 0.07 0.02 1.00 
 0.08 0.01 0.99 
 0.05 0.07 1.00 
 0.06 0.05 0.88 
 0.08 0.04 1.00 
 0.06 0.07 0.88 
 0.09 0.07 0.94 
 0.13 0.07 0.93 
 0.14 0.07 0.96 
 0.10 0.04 1.01 
 0.13 0.03 1.00 
 0.13 0.00 1.06 
 0.13 0.04 1.02 
 0.14 0.03 1.11 
 0.10 0.02 1.09 
 0.12 0.00 1.09 
 0.08 0.03 1.06 
 0.10 0.01 1.08 
 0.14 0.03 1.01 
 0.08 0.03 1.01 
 0.08 0.00 0.97 
 0.08 0.01 0.99 
 0.08 0.00 1.01 
 0.08 0.03 1.02 
 0.11 0.06 0.99 
 0.19 0.04 0.99 
 0.15 0.08 0.98 
 0.12 0.08 0.95 
 0.10 0.09 0.94 
 0.10 0.06 0.96 
 0.13 0.07 0.98 
 0.15 0.05 0.98 
 0.12 0.05 0.94 
 0.11 0.03 0.98 
 0.09 0.03 0.95 
 0.09 0.02 0.98 
 0.14 0.01 1.03 
 0.17 0.02 0.93 
 0.15 0.01 0.98 
 0.15 0.05 0.91 
 0.16 0.00 1.10 
 0.16 0.03 1.07 
 0.23 0.03 1.30 
 0.18 0.01 1.19 
 0.23 0.06 1.31 
 0.20 0.14 0.98 
 0.21 0.03 1.04 
 0.17 0.07 0.84 
 0.14 0.00 0.86 
 0.17 0.04 0.85 
 0.16 0.07 0.91 
 0.16 0.09 0.85 
 0.13 0.00 0.93 
 0.14 0.01 0.84 
 0.15 0.12 0.87 
 0.15 0.09 0.90 
 0.21 0.01 0.98 
 0.15 0.13 1.00 
 0.15 0.10 0.99 
 0.18 0.10 0.99 
 0.12 0.12 1.02 
 0.19 0.09 1.00 
 0.17 0.13 1.00 
 0.16 0.17 1.02 
 0.20 0.06 1.03 
 0.20 0.17 1.02 
 0.21 0.03 1.10 
 0.17 0.02 1.05 
 0.13 0.04 1.10 
 0.15 0.05 1.01 
 0.20 0.00 1.05 
 0.20 0.04 1.04 
 0.21 0.02 1.07 
 0.20 0.04 1.09 
 0.18 0.02 1.07 
 0.18 0.00 1.10 
 0.21 0.04 1.02 
 0.17 0.02 0.91 
 0.14 0.03 0.86 
 0.16 0.06 0.87 
 0.11 0.11 0.92 
 0.15 0.08 0.88 
 0.15 0.08 0.87 
 0.12 0.13 0.96 
 0.17 0.10 1.00 
 0.14 0.14 1.00 
 0.13 0.15 1.08 
 0.13 0.12 1.08 
 0.11 0.14 1.08 
 0.12 0.07 1.04 
 0.09 0.10 0.99 
 0.08 0.13 1.04 
 0.09 0.07 1.03 
 0.09 0.11 0.98 
 0.08 0.07 1.01 
 0.07 0.12 0.94 
 0.06 0.12 1.03 
 0.08 0.10 1.00 
 0.06 0.10 1.05 
 0.08 0.11 0.99 
 0.06 0.14 0.95 
 0.06 0.14 0.96 
 0.08 0.12 0.91 
 0.07 0.10 0.99 
 0.10 0.10 0.97 
 0.07 0.14 0.97 
 0.10 0.12 1.00 
 0.07 0.13 1.02 
 0.10 0.19 1.08 
 0.11 0.18 1.07 
 0.09 0.19 1.05 
 0.11 0.18 1.02 
 0.09 0.16 1.00 
 0.09 0.20 1.02 
 0.10 0.15 1.03 
 0.08 0.21 1.01 
 0.10 0.19 1.01 
 0.08 0.21 0.97 
 0.08 0.22 0.96 
 0.07 0.18 0.98 
 0.07 0.22 0.99 
 0.09 0.17 0.99 
 0.08 0.20 0.98 
 0.08 0.17 0.97 
 0.09 0.20 0.96 
 0.08 0.19 0.97 
 0.08 0.19 1.00 
 0.08 0.18 1.01 
 0.09 0.18 0.99 
 0.09 0.15 1.00 
 0.09 0.20 0.99 
 0.09 0.15 1.02 
 0.11 0.19 1.02 
 0.09 0.20 1.01 
 0.09 0.22 1.01 
 0.09 0.23 0.99 
 0.11 0.22 1.00 
 0.07 0.24 1.04 
 0.07 0.23 1.03 
 0.04 0.28 0.96 
 0.04 0.26 0.98 
 0.05 0.27 0.96 
 0.05 0.24 0.94 
 0.06 0.27 0.96 
 0.06 0.25 0.97 
 0.06 0.28 0.95 
 0.06 0.25 0.95 
 0.06 0.25 0.94 
 0.06 0.27 0.96 
 0.05 0.26 0.99 
 0.08 0.25 0.99 
 0.08 0.24 0.99 
 0.07 0.23 1.00 
 0.06 0.20 0.99 
 0.06 0.20 1.01 
 0.03 0.21 1.02 
 0.05 0.19 1.03 
 0.04 0.18 1.01 
 0.06 0.19 1.00 
 0.03 0.21 0.99 
 0.02 0.18 1.01 
 0.05 0.22 1.04 
 0.04 0.20 1.00 
 0.03 0.21 1.00 
 0.05 0.23 1.05 
 0.03 0.21 0.99 
 0.00 0.23 0.99 
 0.03 0.28 1.02 
 0.03 0.24 1.02 
 0.04 0.21 1.00 
 0.04 0.27 0.98 
 0.04 0.23 0.96 
 0.07 0.27 0.98 
 0.03 0.25 0.98 
 0.04 0.22 0.97 
 0.01 0.24 0.99 
 0.00 0.27 0.95 
 0.00 0.25 0.99 
 0.03 0.25 0.98 
 0.05 0.23 0.97 
 0.08 0.25 1.01 
 0.08 0.22 1.00 
 0.07 0.24 0.99 
 0.06 0.23 1.00 
 0.06 0.22 1.01 
 0.06 0.27 1.04 
 0.07 0.22 1.00 
 0.07 0.27 1.01 
 0.07 0.21 0.90 
 0.07 0.21 1.00 
 0.07 0.22 1.00 
 0.09 0.14 0.93 
 0.05 0.16 0.88 
 0.02 0.16 0.98 
 0.03 0.24 1.01 
 0.02 0.21 1.08 
 0.01 0.24 1.03 
 0.01 0.17 0.94 
 0.03 0.14 0.97 
 0.02 0.18 0.94 
 0.04 0.15 0.95 
 0.05 0.17 0.95 
 0.04 0.11 1.01 
 0.02 0.10 1.02 
 0.05 0.14 1.03 
 0.04 0.09 1.02 
 0.00 0.09 1.04 
 0.02 0.08 1.01 
 0.05 0.06 1.05 
 0.03 0.06 0.98 
 0.08 0.02 0.99 
 0.02 0.04 1.01 
 0.00 0.07 0.97 
 0.00 0.05 0.99 
 0.01 0.07 0.98 
 0.00 0.10 0.93 
 0.00 0.03 0.94 
 0.00 0.06 0.97 
 0.05 0.07 0.96 
 0.03 0.06 1.01 
 0.04 0.07 1.05 
 0.01 0.10 1.04 
 0.02 0.11 1.03 
 0.00 0.08 1.03 
 0.01 0.06 1.07 
 0.00 0.08 1.07 
 0.02 0.08 1.01 
 0.07 0.05 1.01 
 0.00 0.06 1.01 
 0.01 0.05 1.02 
 0.04 0.05 1.00 
 0.07 0.05 0.97 
 0.04 0.02 1.00 
 0.03 0.04 1.00 
 0.02 0.00 1.05 
 0.02 0.00 1.06 
 0.02 0.04 1.04 
 0.00 0.04 1.06 
 0.03 0.02 1.03 
 0.06 0.01 1.03 
 0.02 0.01 0.95 
 0.06 0.04 1.01 
 0.06 0.05 1.04 
 0.03 0.03 1.06 
 0.02 0.09 1.02 
 0.04 0.06 1.01 
 0.06 0.04 0.97 
 0.07 0.05 0.95 
 0.08 0.07 0.94 
 0.04 0.09 0.95 
 0.00 0.12 1.08 
 0.05 0.01 1.05 
 0.05 0.11 1.05 
 0.01 0.05 1.03 
 0.02 0.11 1.05 
 0.04 0.09 0.93 
 0.06 0.10 1.08 
 0.03 0.02 0.95 
 0.03 0.12 1.11 
 0.01 0.05 1.01 
 0.02 0.10 1.01 
 0.02 0.11 0.98 
 0.03 0.10 1.00 
 0.00 0.08 0.99 
 0.04 0.12 0.96 
 0.00 0.05 1.04 
 0.03 0.11 0.99 
 0.04 0.07 0.96 
 0.08 0.12 0.90 
 0.08 0.05 1.00 
 0.00 0.08 1.08 
 0.03 0.07 1.01 
 0.01 0.01 1.08 
 0.07 0.07 1.12 
 0.07 0.06 1.00 
 0.04 0.05 1.11 
 0.02 0.05 0.96 
 0.06 0.09 0.99 
 0.00 0.04 0.99 
 0.02 0.17 1.00 
 0.03 0.10 0.93 
 0.01 0.05 1.01 
 0.01 0.03 1.08 
 0.00 0.14 0.86 
 0.07 0.09 0.99 
 0.09 0.04 0.96 
 0.04 0.08 1.06 
 0.02 0.13 1.00 
 0.05 0.11 1.02 
 0.06 0.03 0.95 
 0.09 0.00 0.97 
 0.08 0.02 1.09 
 0.05 0.04 1.04 
 0.02 0.07 0.98 
 0.03 0.07 0.97 
 0.02 0.06 0.97 
 0.01 0.03 0.93 
 0.05 0.06 0.98 
 0.02 0.05 0.98 
 0.01 0.03 0.98 
 0.01 0.03 1.00 
 0.03 0.02 1.00 
 0.04 0.01 0.98 
 0.04 0.03 1.00 
 0.01 0.02 1.03 
 0.03 0.01 1.00 
 0.03 0.02 1.03 
 0.00 0.00 1.08 
 0.03 0.01 1.03 
 0.00 0.02 1.07 
 0.07 0.01 1.09 
 0.03 0.00 1.02 
 0.01 0.01 1.07 
 0.01 0.03 1.03 
 0.05 0.03 0.95 
 0.01 0.04 1.06 
 0.07 0.01 1.06 
 0.09 0.01 0.96 
 0.07 0.00 1.01 
 0.07 0.03 1.03 
 0.03 0.03 0.97 
 0.00 0.15 0.89 
 0.03 0.01 1.04 
 0.07 0.07 0.86 
 0.06 0.03 1.01 
 0.05 0.03 0.88 
 0.00 0.02 0.90 
 0.00 0.07 0.95 
 0.08 0.03 0.87 
 0.01 0.00 1.13 
 0.01 0.01 1.02 
 0.01 0.03 0.89 
 0.07 0.08 0.99 
 0.09 0.01 0.87 
 0.00 0.08 1.14 
 0.01 0.10 0.98 
 0.01 0.03 1.11 
 0.04 0.01 0.97 
 0.02 0.11 1.14 
 0.00 0.02 1.17 
 0.02 0.00 1.17 
 0.06 0.02 0.95 
 0.03 0.12 0.96 
 0.08 0.02 0.99 
 0.01 0.03 1.04 
 0.03 0.03 1.03 
 0.00 0.04 1.08 
 0.01 0.01 1.01 
 0.00 0.11 1.00 
 0.02 0.00 0.90 
 0.03 0.13 0.87 
 0.03 0.11 1.00 
 0.03 0.05 1.01 
 0.01 0.11 1.07 
 0.07 0.02 1.01 
 0.03 0.05 1.02 
 0.04 0.02 1.08 
 0.02 0.04 0.96 
 0.05 0.05 1.08 
 0.00 0.08 0.90 
 0.05 0.02 1.05 
 0.05 0.07 0.94 
 0.01 0.01 1.09 
 0.04 0.08 0.98 
 0.00 0.10 0.97 
 0.04 0.07 0.93 
 0.03 0.03 0.97 
 0.03 0.10 0.93 
 0.03 0.07 0.93 
 0.03 0.03 1.04 
 0.00 0.06 1.02 
 0.00 0.03 1.03 
 0.08 0.01 1.04 
 0.03 0.04 1.07 
 0.02 0.01 1.15 
 0.00 0.04 1.10 
 0.03 0.03 1.03 
 0.00 0.05 1.02 
 0.00 0.04 1.02 
 0.07 0.00 0.94 
 0.03 0.00 0.94 
 0.00 0.02 1.00 
 0.04 0.06 0.92 
 0.04 0.04 1.00 
 0.01 0.04 0.99 
 0.01 0.01 1.00 
 0.06 0.03 0.91 
 0.02 0.07 0.95 
 0.02 0.03 0.99 
 0.03 0.03 1.00 
 0.04 0.02 0.99 
 0.01 0.03 1.04 
 0.00 0.03 0.96 
 0.07 0.00 1.08 
 0.03 0.10 0.90 
 0.00 0.06 1.08 
 0.03 0.04 0.99 
 0.03 0.05 1.03 
 0.00 0.02 0.96 
 0.03 0.00 1.07 
 0.04 0.04 0.97 
 0.01 0.00 1.02 
 0.03 0.05 1.02 
 0.04 0.02 0.99 
 0.02 0.00 1.07 
 0.01 0.06 1.02 
 0.03 0.00 1.04 
 0.05 0.03 0.95 
 0.03 0.00 0.99 
 0.05 0.02 0.99 
 0.07 0.00 0.96 
 0.01 0.00 0.99 
 0.01 0.00 1.01 
 0.04 0.00 0.99 
 0.01 0.02 1.02 
 0.05 0.01 0.92 
 0.07 0.00 0.98 
 0.00 0.05 0.99 
 0.00 0.02 1.03 
 0.06 0.02 0.98 
 0.01 0.01 1.00 
 0.01 0.00 0.98 
 0.05 0.04 1.03 
 0.02 0.04 0.99 
 0.02 0.00 1.01 
 0.07 0.03 0.96 
 0.02 0.02 1.02 
 0.02 0.02 0.93 
 0.04 0.06 0.98 
 0.01 0.04 1.01 
 0.03 0.01 1.02 
 0.02 0.05 0.97 
 0.03 0.03 0.97 
 0.01 0.04 1.00 
 0.02 0.04 1.01 
 0.02 0.00 1.03 
 0.03 0.03 1.00 
 0.02 0.04 1.03 
 0.04 0.01 0.98 
 0.03 0.03 0.99 
 0.02 0.04 1.03 
 0.04 0.00 1.05 
 0.03 0.06 1.02 
 0.05 0.01 1.02 
 0.06 0.05 0.97 
 0.01 0.03 1.04 
 0.05 0.01 0.94 
 0.02 0.03 1.00 
 0.03 0.02 0.93 
 0.09 0.00 0.98 
 0.02 0.06 1.03 
 0.03 0.01 0.96 
 0.05 0.01 1.02 
 0.02 0.02 1.03 
 0.09 0.04 1.03 
 0.00 0.05 1.09 
 0.04 0.01 1.02 
 0.02 0.05 1.03 
 0.06 0.03 1.01 
 0.08 0.04 0.99 
 0.01 0.04 1.03 
 0.07 0.00 0.98 
 0.01 0.03 0.97 
 0.05 0.03 0.93 
 0.04 0.04 0.97 
 0.05 0.04 0.94 
 0.03 0.00 1.05 
 0.00 0.04 1.06 
 0.03 0.04 1.00 
 0.02 0.01 1.04 
 0.02 0.00 1.06 
 0.01 0.07 1.04 
 0.05 0.03 1.04 
 0.05 0.03 0.99 
 0.00 0.03 1.00 
 0.07 0.01 0.94 
 0.04 0.06 0.99 
 0.06 0.01 0.94 
 0.03 0.04 1.04 
 0.07 0.02 1.04 
 0.04 0.04 1.05 
 0.09 0.00 1.02 
 0.02 0.01 1.08 
 0.02 0.03 1.04 
 0.04 0.00 1.08 
 0.04 0.00 1.03 
 0.05 0.02 0.94 
 0.02 0.05 1.06 
 0.06 0.00 0.90 
 0.04 0.01 1.00 
 0.08 0.00 0.91 
 0.04 0.00 0.94 
 0.05 0.01 0.95 
 0.06 0.02 0.99 
 0.05 0.00 0.98 
 0.01 0.04 1.09 
 0.01 0.01 1.07 
 0.03 0.03 1.06 
 0.06 0.01 1.07 
 0.00 0.02 1.07 
 0.03 0.05 1.05 
 0.02 0.01 0.99 
 0.04 0.04 0.98 
 0.00 0.02 0.96 
 0.02 0.03 0.96 
 0.07 0.00 1.00 
 0.06 0.03 0.91 
 0.05 0.02 1.02 
 0.03 0.01 1.04 
 0.01 0.00 1.05 
 0.04 0.02 1.01 
 0.02 0.02 1.05 
 0.04 0.02 1.02 
 0.01 0.07 1.05 
 0.12 0.00 1.04 
 0.02 0.06 1.03 
 0.03 0.02 1.02 
 0.10 0.00 0.99 
 0.00 0.05 0.99 
 0.07 0.00 0.95 
 0.05 0.06 0.97 
 0.06 0.01 0.94 
 0.00 0.02 0.96 
 0.03 0.03 1.00 
 0.01 0.03 1.05 
 0.06 0.03 0.98 
 0.03 0.05 1.06 
 0.01 0.04 1.13 
 0.03 0.03 1.05 
 0.01 0.04 1.06 
 0.03 0.02 1.04 
 0.00 0.02 1.04 
 0.06 0.00 0.94 
 0.01 0.07 1.02 
 0.06 0.01 0.98 
 0.03 0.00 0.90 
 0.03 0.00 0.97 
 0.07 0.05 0.90 
 0.00 0.00 1.01 
 0.01 0.00 0.96 
 0.03 0.07 1.03 
 0.02 0.02 1.06 
 0.01 0.03 1.04 
 0.01 0.01 0.99 
 0.04 0.02 1.05 
 0.02 0.04 1.06 
 0.03 0.04 1.05 
 0.01 0.00 0.99 
 0.03 0.01 1.02 
 0.00 0.00 0.96 
 0.01 0.01 0.95 
 0.01 0.03 0.95 
 0.01 0.02 1.03 
 0.03 0.00 0.98 
 0.02 0.00 1.00 
 0.00 0.03 0.98 
 0.02 0.00 1.09 
 0.00 0.01 0.99 
 0.00 0.02 1.07 
 0.02 0.03 0.98 
 0.02 0.00 1.01 
 0.01 0.05 1.15 
 0.02 0.00 1.00 
 0.04 0.00 1.10 
 0.01 0.02 0.91 
 0.04 0.11 0.99 
 0.00 0.06 0.90 
 0.01 0.02 0.84 
 0.00 0.04 0.81 
 0.00 0.09 0.97 
 0.02 0.00 0.99 
 0.05 0.00 1.12 
 0.08 0.01 1.02 
 0.04 0.00 1.12 
 0.00 0.04 1.07 
 0.00 0.02 0.99 
 0.07 0.02 1.12 
 0.08 0.01 1.06 
 0.02 0.03 0.99 
 0.05 0.02 1.02 
 0.03 0.00 0.92 
 0.04 0.00 0.92 
 0.02 0.04 0.93 
 0.11 0.11 0.97 
 0.08 0.08 1.04 
 0.00 0.02 1.06 
 0.05 0.08 0.95 
 0.06 0.05 1.07 
 0.02 0.09 1.00 
 0.03 0.04 1.00 
 0.01 0.00 1.07 
 0.03 0.03 0.94 
 0.05 0.00 1.03 
 0.04 0.03 0.94 
 0.05 0.00 0.97 
 0.02 0.02 0.98 
 0.03 0.05 0.95 
 0.03 0.01 1.01 
 0.06 0.06 1.02 
 0.06 0.11 1.00 
 0.08 0.05 1.13 
 0.04 0.12 0.99 
 0.08 0.00 1.17 
 0.05 0.17 1.02 
 0.08 0.02 1.16 
 0.04 0.09 0.92 
 0.08 0.00 1.02 
 0.05 0.05 0.92 
 0.07 0.00 0.99 
 0.08 0.06 0.99 
 0.10 0.01 1.06 
 0.07 0.04 1.00 
 0.07 0.05 1.00 
 0.03 0.01 0.97 
 0.05 0.07 0.94 
 0.07 0.00 1.00 
 0.00 0.02 1.00 
 0.05 0.04 0.92 
 0.01 0.00 0.98 
 0.02 0.00 0.94 
 0.02 0.11 0.95 
 0.09 0.04 1.07 
 0.00 0.04 1.14 
 0.05 0.13 1.08 
 0.06 0.00 1.28 
 0.00 0.06 1.12 
 0.02 0.02 1.15 
 0.04 0.00 1.11 
 0.06 0.00 1.02 
 0.01 0.06 0.92 
 0.04 0.00 0.81 
 0.04 0.02 0.79 
 0.04 0.01 0.85 
 0.04 0.03 0.82 
 0.05 0.01 0.94 
 0.06 0.00 0.94 
 0.03 0.06 1.01 
 0.05 0.05 0.96 
 0.03 0.00 1.00 
 0.05 0.04 0.85 
 0.05 0.00 0.89 
 0.02 0.00 0.90 
 0.00 0.03 0.97 
 0.02 0.00 0.95 
 0.03 0.01 1.03 
 0.02 0.02 1.03 
 0.01 0.03 1.16 
 0.06 0.09 1.12 
 0.04 0.00 1.22 
 0.00 0.07 1.10 
 0.06 0.03 1.16 
 0.01 0.02 1.00 
 0.01 0.01 0.97 
 0.02 0.01 0.99 
 0.02 0.02 1.04 
 0.01 0.02 1.05 
 0.03 0.02 0.97 
 0.00 0.00 1.02 
 0.02 0.00 0.94 
 0.04 0.01 0.98 
 0.03 0.04 0.90 
 0.03 0.03 0.97 
 0.05 0.03 1.06 
 0.07 0.02 0.93 
 0.03 0.01 1.04 
 0.14 0.01 1.01 
 0.11 0.03 0.94 
 0.01 0.01 1.06 
 0.07 0.04 1.19 
 0.09 0.07 1.00 
 0.01 0.01 0.98 
 0.11 0.02 0.87 
 0.05 0.01 0.83 
 0.03 0.00 1.00 
 0.09 0.02 0.87 
 0.10 0.03 0.90 
 0.01 0.06 1.02 
 0.05 0.00 1.00 
 0.08 0.01 0.96 
 0.01 0.04 1.07 
 0.03 0.02 1.13 
 0.06 0.00 1.04 
 0.03 0.05 1.05 
 0.02 0.05 1.12 
 0.06 0.03 1.06 
 0.05 0.04 1.02 
 0.05 0.01 0.96 
 0.14 0.05 1.02 
 0.13 0.01 1.00 
 0.04 0.05 0.97 
 0.05 0.04 1.02 
 0.05 0.03 0.91 
 0.05 0.06 0.97 
 0.11 0.00 0.94 
 0.10 0.03 0.96 
 0.08 0.01 0.96 
 0.10 0.02 0.92 
 0.11 0.01 0.94 
 0.11 0.04 0.98 
 0.12 0.00 0.96 
 0.12 0.00 0.98 
 0.09 0.01 1.01 
 0.13 0.01 0.99 
 0.10 0.02 1.11 
 0.08 0.01 0.94 
 0.10 0.04 1.10 
 0.10 0.01 0.98 
 0.06 0.02 1.01 
 0.05 0.01 0.98 
 0.06 0.05 1.00 
 0.02 0.02 1.02 
 0.03 0.00 0.94 
 0.01 0.02 1.00 
 0.00 0.01 0.95 
 0.02 0.01 1.02 
 0.03 0.00 0.99 
 0.03 0.01 1.00 
 0.01 0.01 0.99 
 0.08 0.01 1.02 
 0.06 0.03 1.01 
 0.03 0.00 1.07 
 0.02 0.07 1.06 
 0.05 0.01 1.00 
 0.04 0.03 1.06 
 0.08 0.05 0.97 
 0.09 0.04 1.03 
 0.04 0.09 0.96 
 0.04 0.00 1.03 
 0.03 0.06 1.02 
 0.04 0.01 0.97 
 0.01 0.00 0.98 
 0.04 0.03 1.00 
 0.05 0.02 1.05 
 0.04 0.00 1.02 
 0.02 0.03 0.97 
 0.03 0.01 1.03 
 0.02 0.01 0.99 
 0.03 0.03 0.97 
 0.02 0.03 0.97 
 0.02 0.06 0.98 
 0.02 0.00 0.96 
 0.01 0.03 1.01 
 0.00 0.02 0.97 
 0.01 0.00 0.94 
 0.02 0.07 0.91 
 0.04 0.00 1.00 
 0.01 0.01 1.03 
 0.03 0.00 1.02 
 0.05 0.00 1.07 
 0.03 0.01 1.05 
 0.02 0.02 1.03 
 0.04 0.02 1.02 
 0.02 0.01 0.98 
 0.02 0.01 1.01 
 0.03 0.01 0.96 
 0.02 0.00 1.00 
 0.01 0.03 0.97 
 0.03 0.04 1.00 
 0.07 0.01 1.01 
 0.08 0.01 1.00 
 0.07 0.01 0.99 
 0.07 0.03 0.97 
 0.07 0.02 0.99 
 0.18 0.04 0.99 
 0.15 0.02 1.08 
 0.11 0.12 0.94 
 0.12 0.00 1.04 
 0.06 0.03 1.00 
 0.09 0.01 1.01 
 0.13 0.05 1.02 
 0.13 0.08 0.98 
 0.11 0.01 0.99 
 0.11 0.02 0.96 
 0.12 0.03 0.94 
 0.10 0.08 0.97 
 0.11 0.02 0.99 
 0.14 0.00 1.03 
 0.15 0.05 1.04 
 0.16 0.07 1.00 
 0.17 0.06 0.97 
 0.14 0.03 1.02 
 0.14 0.05 1.00 
 0.12 0.03 1.01 
 0.07 0.01 1.04 
 0.09 0.03 0.95 
 0.14 0.02 0.99 
 0.15 0.07 0.96 
 0.12 0.03 1.04 
 0.10 0.07 1.04 
 0.10 0.07 1.03 
 0.08 0.04 1.00 
 0.14 0.04 1.03 
 0.12 0.07 0.97 
 0.11 0.04 0.97 
 0.08 0.02 1.02 
 0.08 0.02 0.99 
 0.12 0.01 1.01 
 0.12 0.03 1.01 
 0.13 0.06 0.97 
 0.16 0.05 1.02 
 0.16 0.08 0.99 
 0.14 0.07 0.97 
 0.13 0.04 1.01 
 0.12 0.02 1.00 
 0.12 0.04 1.01 
 0.14 0.05 1.03 
 0.15 0.02 0.98 
 0.15 0.02 1.01 
 0.16 0.05 0.99 
 0.16 0.04 0.99 
 0.16 0.05 0.98 
 0.16 0.05 0.97 
 0.16 0.05 0.99 
 0.17 0.05 0.99 
 0.17 0.07 0.98 
 0.17 0.04 0.99 
 0.17 0.05 1.00 
 0.20 0.04 0.99 
 0.21 0.05 1.00 
 0.18 0.04 0.98 
 0.19 0.04 0.98 
 0.20 0.05 0.98 
 0.21 0.07 1.03 
 0.18 0.03 1.01 
 0.17 0.07 1.00 
 0.21 0.02 0.98 
 0.19 0.05 0.95 
 0.18 0.05 1.00 
 0.16 0.04 0.98 
 0.16 0.08 1.04 
 0.17 0.04 1.04 
 0.14 0.06 0.98 
 0.16 0.01 0.98 
 0.15 0.04 0.98 
 0.15 0.07 1.03 
 0.17 0.00 1.00 
 0.13 0.07 0.95 
 0.17 0.08 1.02 
 0.17 0.00 1.02 
 0.14 0.09 0.96 
 0.16 0.06 1.02 
 0.16 0.00 1.01 
 0.15 0.06 0.95 
 0.15 0.06 1.01 
 0.19 0.01 1.03 
 0.14 0.09 0.95 
 0.13 0.05 1.02 
 0.13 0.07 1.02 
 0.13 0.06 1.02 
 0.14 0.01 1.00 
 0.11 0.08 0.97 
 0.10 0.07 1.06 
 0.14 0.02 1.04 
 0.10 0.08 0.95 
 0.11 0.05 0.99 
 0.13 0.07 1.00 
 0.06 0.05 1.00 
 0.09 0.02 0.98 
 0.07 0.07 1.00 
 0.04 0.07 0.99 
 0.19 0.02 1.01 
 0.09 0.08 0.96 
 0.05 0.04 1.03 
 0.09 0.00 1.00 
 0.07 0.07 0.94 
 0.08 0.05 1.05 
 0.11 0.03 1.01 
 0.06 0.07 0.96 
 0.07 0.04 1.05 
 0.12 0.01 1.04 
 0.05 0.05 0.99 
 0.09 0.02 0.99 
 0.06 0.06 0.95 
 0.12 0.06 1.05 
 0.11 0.02 1.00 
 0.37 0.20 1.04 
 0.09 0.09 1.14 
 0.01 0.04 1.05 
 0.00 0.04 1.03 
 0.08 0.02 1.01 
 0.01 0.06 0.94 
 0.02 0.05 1.04 
 0.06 0.04 0.98 
 0.03 0.05 1.00 
 0.03 0.02 0.98 
 0.04 0.03 0.95 
 0.04 0.05 1.00 
 0.00 0.02 1.06 
 0.00 0.05 1.01 
 0.04 0.00 0.98 
 0.02 0.06 0.93 
 0.02 0.02 1.00 
 0.00 0.03 0.99 
 0.01 0.04 1.05 
 0.01 0.00 1.03 
 0.00 0.05 0.96 
 0.03 0.02 1.00 
 0.02 0.05 0.97 
 0.01 0.02 1.02 
 0.05 0.00 1.03 
 0.01 0.03 0.99 
 0.00 0.01 1.00 
 0.01 0.03 0.97 
 0.01 0.05 1.06 
 0.02 0.01 0.99 
 0.01 0.03 1.01 
 0.03 0.00 0.97 
 0.01 0.04 0.95 
 0.00 0.06 1.05 
 0.01 0.02 1.01 
 0.02 0.03 1.06 
 0.02 0.01 1.00 
 0.00 0.04 0.96 
 0.01 0.02 1.02 
 0.00 0.05 0.98 
 0.00 0.04 1.08 
 0.02 0.00 1.02 
 0.01 0.05 0.96 
 0.02 0.02 1.00 
 0.00 0.02 0.99 
 0.00 0.05 1.06 
 0.02 0.00 1.03 
 0.00 0.04 0.99 
 