0.00 0.04 1.02 
 0.01 0.01 0.98 
 0.00 0.06 0.96 
 0.01 0.05 1.03 
 0.00 0.02 1.01 
 0.00 0.04 1.02 
 0.02 0.01 1.02 
 0.00 0.04 0.96 
 0.01 0.03 1.03 
 0.01 0.04 0.99 
 0.00 0.05 1.08 
 0.03 0.00 1.00 
 0.00 0.04 0.96 
 0.01 0.02 1.00 
 0.00 0.03 0.98 
 0.00 0.06 1.07 
 0.03 0.00 1.02 
 0.00 0.05 0.97 
 0.02 0.01 1.02 
 0.00 0.04 0.96 
 0.00 0.04 1.06 
 0.03 0.00 1.01 
 0.00 0.05 0.98 
 0.03 0.00 1.00 
 0.01 0.05 0.96 
 0.00 0.06 1.05 
 0.03 0.01 1.03 
 0.00 0.05 0.97 
 0.02 0.00 1.00 
 0.01 0.05 0.94 
 0.01 0.06 1.07 
 0.04 0.02 1.01 
 0.00 0.05 1.00 
 0.03 0.01 1.00 
 0.00 0.04 0.96 
 0.00 0.05 1.06 
 0.01 0.03 1.02 
 0.01 0.05 1.02 
 0.02 0.01 1.01 
 0.00 0.05 0.93 
 0.01 0.04 1.04 
 0.03 0.02 1.00 
 0.02 0.06 1.04 
 0.02 0.01 1.01 
 0.00 0.06 0.94 
 0.00 0.03 1.06 
 0.00 0.05 0.99 
 0.01 0.04 1.04 
 0.03 0.01 1.02 
 0.00 0.07 0.95 
 0.01 0.02 1.02 
 0.01 0.01 1.01 
 0.00 0.04 1.02 
 0.01 0.01 0.99 
 0.02 0.19 1.06 
 0.02 0.05 1.01 
 0.00 0.05 0.95 
 0.00 0.05 1.05 
 0.03 0.02 1.03 
 0.00 0.02 0.96 
 0.00.07 0.00 1.01 
 0.00 0.01 0.98 
 0.07 0.02 0.98 
 0.09 0.02 1.05 
 0.04 0.06 1.06 
 0.06 0.03 0.95 
 0.07 0.02 1.00 
 0.06 0.08 1.05 
 0.08 0.00 1.01 
 0.08 0.04 0.99 
 0.08 0.02 0.97 
 0.05 0.02 0.99 
 0.08 0.03 0.99 
 0.07 0.04 1.03 
 0.08 0.00 1.00 
 0.07 0.04 1.00 
 0.06 0.03 1.05 
 0.14 0.01 1.05 
 0.16 0.00 1.01 
 0.14 0.07 1.00 
 0.05 0.02 1.01 
 0.01 0.00 0.96 
 0.00 0.03 1.04 
 0.04 0.02 0.96 
 0.10 0.04 0.99 
 0.10 0.01 0.99 
 0.10 0.04 1.02 
 0.09 0.00 0.97 
 0.06 0.00 1.01 
 0.01 0.02 0.99 
 0.06 0.01 0.99 
 0.11 0.00 0.91 
 0.06 0.02 1.01 
 0.08 0.03 0.96 
 0.05 0.01 1.00 
 0.02 0.04 1.01 
 0.03 0.04 1.07 
 0.04 0.01 1.06 
 0.06 0.02 1.06 
 0.09 0.03 1.01 
 0.09 0.01 1.00 
 0.06 0.04 0.99 
 0.09 0.00 0.90 
 0.08 0.04 0.95 
 0.07 0.01 0.96 
 0.07 0.02 0.98 
 0.07 0.07 1.03 
 0.06 0.00 1.10 
 0.08 0.02 1.03 
 0.09 0.01 0.95 
 0.08 0.03 1.03 
 0.07 0.01 1.04 
 0.11 0.01 1.04 
 0.05 0.02 1.03 
 0.08 0.04 0.94 
 0.06 0.01 1.03 
 0.08 0.01 0.99 
 0.08 0.01 1.04 
 0.04 0.04 0.98 
 0.09 0.05 0.99 
 0.07 0.03 0.94 
 0.06 0.01 0.95 
 0.00 0.01 1.01 
 0.13 0.00 0.99 
 0.16 0.00 1.07 
 0.13 0.04 0.98 
 0.19 0.02 1.06 
 0.16 0.02 0.97 
 0.08 0.03 1.08 
 0.11 0.00 0.96 
 0.09 0.06 1.03 
 0.12 0.02 0.96 
 0.03 0.00 1.11 
 0.08 0.00 1.01 
 0.11 0.00 0.94 
 0.05 0.04 1.10 
 0.05 0.00 0.97 
 0.11 0.09 0.84 
 0.11 0.05 0.95 
 0.03 0.00 1.10 
 0.05 0.02 1.00 
 0.03 0.03 0.96 
 0.07 0.01 0.99 
 0.06 0.07 0.98 
 0.01 0.05 1.08 
 0.02 0.00 1.01 
 0.00 0.06 0.96 
 0.01 0.03 0.94 
 0.00 0.03 0.96 
 0.00 0.03 0.96 
 0.00 0.01 1.02 
 0.06 0.00 1.06 
 0.02 0.00 1.07 
 0.04 0.03 1.08 
 0.00 0.03 1.07 
 0.08 0.07 0.89 
 0.00 0.00 1.09 
 0.07 0.05 0.90 
 0.02 0.02 0.94 
 0.05 0.02 0.94 
 0.00 0.02 1.02 
 0.06 0.01 1.03 
 0.04 0.01 1.07 
 0.00 0.01 1.02 
 0.00 0.01 1.04 
 0.07 0.00 1.01 
 0.00 0.00 1.01 
 0.00 0.02 0.97 
 0.00 0.00 1.02 
 0.01 0.02 0.98 
 0.03 0.05 0.94 
 0.05 0.01 0.96 
 0.04 0.00 1.02 
 0.03 0.02 1.00 
 0.04 0.03 1.02 
 0.01 0.01 0.99 
 0.07 0.01 1.03 
 0.02 0.03 1.00 
 0.06 0.01 0.99 
 0.05 0.00 1.00 
 0.00 0.00 0.99 
 0.04 0.00 0.97 
 0.03 0.01 0.97 
 0.07 0.01 0.96 
 0.10 0.01 1.02 
 0.08 0.04 0.97 
 0.06 0.00 0.99 
 0.04 0.01 0.90 
 0.08 0.02 0.98 
 0.03 0.00 0.92 
 0.09 0.03 1.03 
 0.07 0.01 1.03 
 0.09 0.02 1.03 
 0.09 0.03 1.05 
 0.08 0.02 1.03 
 0.09 0.01 1.07 
 0.07 0.01 0.97 
 0.06 0.04 1.07 
 0.05 0.03 1.02 
 0.07 0.03 1.06 
 0.03 0.02 0.98 
 0.03 0.03 0.90 
 0.04 0.01 1.00 
 0.06 0.03 1.00 
 0.08 0.02 1.02 
 0.07 0.02 1.00 
 0.08 0.03 1.00 
 0.07 0.00 0.99 
 0.09 0.00 1.00 
 0.06 0.03 0.97 
 0.06 0.00 0.96 
 0.06 0.01 0.99 
 0.09 0.01 0.99 
 0.07 0.02 1.01 
 0.09 0.00 0.92 
 0.10 0.05 0.95 
 0.12 0.04 1.12 
 0.10 0.06 1.01 
 0.09 0.06 1.03 
 0.08 0.02 0.90 
 0.08 0.13 0.97 
 0.12 0.01 0.97 
 0.08 0.02 1.02 
 0.11 0.01 0.93 
 0.13 0.02 1.01 
 0.16 0.02 0.94 
 0.16 0.01 0.97 
 0.15 0.04 0.94 
 0.20 0.03 0.98 
 0.16 0.01 1.01 
 0.16 0.01 0.98 
 0.14 0.01 1.00 
 0.12 0.01 1.00 
 0.11 0.00 1.07 
 0.13 0.00 1.00 
 0.11 0.00 0.99 
 0.14 0.01 1.01 
 0.13 0.05 1.03 
 0.13 0.03 1.03 
 0.10 0.01 1.00 
 0.12 0.02 0.98 
 0.11 0.01 0.93 
 0.13 0.04 0.90 
 0.11 0.00 0.97 
 0.13 0.04 0.95 
 0.11 0.02 0.97 
 0.10 0.06 0.96 
 0.09 0.02 0.98 
 0.09 0.02 0.98 
 0.11 0.04 1.06 
 0.13 0.01 1.03 
 0.17 0.01 1.11 
 0.17 0.01 1.15 
 0.16 0.06 1.21 
 0.10 0.00 1.19 
 0.14 0.05 1.05 
 0.06 0.00 0.95 
 0.05 0.02 0.86 
 0.02 0.01 0.77 
 0.04 0.01 0.77 
 0.03 0.03 0.66 
 0.03 0.00 0.71 
 0.04 0.02 0.74 
 0.04 0.01 0.93 
 0.01 0.04 0.96 
 0.03 0.04 1.06 
 0.03 0.02 1.09 
 0.06 0.06 1.11 
 0.05 0.04 1.14 
 0.02 0.10 1.12 
 0.04 0.04 1.15 
 0.06 0.04 1.15 
 0.19 0.07 1.12 
 0.16 0.07 1.15 
 0.08 0.06 1.07 
 0.09 0.06 0.97 
 0.03 0.08 1.04 
 0.04 0.10 0.95 
 0.02 0.06 1.01 
 0.03 0.04 0.96 
 0.04 0.01 0.94 
 0.01 0.03 0.94 
 0.04 0.06 0.86 
 0.01 0.01 0.89 
 0.02 0.07 0.87 
 0.02 0.00 1.04 
 0.01 0.04 1.05 
 0.00 0.04 1.10 
 0.01 0.03 1.10 
 0.02 0.03 1.18 
 0.00 0.00 1.22 
 0.00 0.02 1.21 
 0.03 0.10 1.21 
 0.02 0.02 1.08 
 0.01 0.13 1.03 
 0.02 0.00 0.78 
 0.03 0.00 0.77 
 0.03 0.00 0.70 
 0.03 0.05 0.76 
 0.03 0.01 0.78 
 0.00 0.02 0.95 
 0.00 0.04 0.92 
 0.02 0.02 0.98 
 0.04 0.04 1.04 
 0.01 0.01 1.11 
 0.02 0.09 1.10 
 0.01 0.00 1.18 
 0.01 0.01 1.12 
 0.00 0.04 1.08 
 0.01 0.02 1.06 
 0.02 0.01 0.98 
 0.01 0.04 0.94 
 0.00 0.04 0.99 
 0.00 0.03 0.98 
 0.03 0.05 0.97 
 0.01 0.00 0.89 
 0.01 0.02 1.03 
 0.01 0.02 0.99 
 0.00 0.02 0.99 
 0.01 0.01 0.94 
 0.02 0.02 0.94 
 0.01 0.04 1.00 
 0.04 0.05 1.02 
 0.00 0.05 1.04 
 0.01 0.02 1.03 
 0.04 0.04 1.03 
 0.01 0.02 1.01 
 0.05 0.00 0.99 
 0.04 0.07 1.01 
 0.08 0.02 1.00 
 0.03 0.04 1.04 
 0.00 0.05 0.98 
 0.02 0.02 0.95 
 0.05 0.03 1.00 
 0.00 0.05 1.03 
 0.01 0.03 1.01 
 0.06 0.05 1.00 
 0.02 0.04 1.02 
 0.05 0.02 0.97 
 0.03 0.00 0.92 
 0.03 0.00 1.01 
 0.06 0.02 0.98 
 0.04 0.01 1.09 
 0.06 0.00 1.04 
 0.02 0.03 1.02 
 0.01 0.00 1.03 
 0.02 0.05 1.01 
 0.01 0.02 1.01 
 0.02 0.05 0.97 
 0.01 0.05 0.95 
 0.05 0.07 0.92 
 0.00 0.05 0.98 
 0.02 0.08 0.94 
 0.04 0.05 1.01 
 0.01 0.08 1.00 
 0.04 0.03 1.02 
 0.02 0.07 1.00 
 0.01 0.05 1.02 
 0.00 0.07 1.09 
 0.02 0.07 1.02 
 0.01 0.02 1.01 
 0.03 0.10 1.04 
 0.03 0.01 0.99 
 0.01 0.04 1.02 
 0.02 0.04 0.94 
 0.02 0.03 1.02 
 0.01 0.05 0.92 
 0.02 0.09 0.98 
 0.00 0.06 1.00 
 0.01 0.06 0.93 
 0.00 0.06 1.03 
 0.03 0.04 1.00 
 0.02 0.08 1.08 
 0.02 0.00 1.02 
 0.02 0.08 1.01 
 0.02 0.06 1.04 
 0.00 0.03 1.02 
 0.00 0.05 1.02 
 0.04 0.12 1.05 
 0.02 0.01 0.92 
 0.00 0.07 0.95 
 0.03 0.10 1.02 
 0.00 0.01 0.93 
 0.03 0.09 0.91 
 0.00 0.11 1.03 
 0.00 0.02 0.98 
 0.00 0.05 0.94 
 0.01 0.16 1.02 
 0.02 0.12 1.06 
 0.00 0.06 1.04 
 0.00 0.15 1.06 
 0.01 0.07 1.06 
 0.02 0.10 1.04 
 0.02 0.06 1.08 
 0.03 0.07 1.08 
 0.01 0.08 0.98 
 0.00 0.10 0.96 
 0.01 0.11 1.04 
 0.01 0.11 1.01 
 0.00 0.07 0.98 
 0.03 0.07 0.99 
 0.01 0.09 0.99 
 0.01 0.04 0.97 
 0.01 0.04 1.00 
 0.00 0.04 1.01 
 0.01 0.03 1.04 
 0.02 0.13 1.06 
 0.00 0.07 1.03 
 0.01 0.12 0.97 
 0.00 0.10 0.95 
 0.02 0.03 0.98 
 0.01 0.12 0.90 
 0.01 0.07 0.88 
 0.00 0.07 0.91 
 0.03 0.12 0.96 
 0.05 0.08 0.98 
 0.05 0.12 0.99 
 0.01 0.10 1.03 
 0.03 0.10 1.03 
 0.04 0.14 1.12 
 0.04 0.10 1.10 
 0.05 0.02 1.05 
 0.00 0.11 1.06 
 0.02 0.01 0.97 
 0.02 0.05 0.98 
 0.01 0.14 0.89 
 0.04 0.06 1.10 
 0.01 0.11 0.85 
 0.06 0.00 1.19 
 0.00 0.26 1.00 
 0.02 0.02 1.13 
 0.02 0.12 0.99 
 0.02 0.03 1.11 
 0.07 0.11 1.02 
 0.09 0.09 1.09 
 0.09 0.07 1.03 
 0.06 0.07 1.09 
 0.03 0.16 0.88 
 0.05 0.00 0.90 
 0.01 0.00 0.98 
 0.06 0.00 0.95 
 0.04 0.17 1.07 
 0.08 0.08 1.02 
 0.01 0.02 1.03 
 0.06 0.16 0.97 
 0.02 0.05 1.02 
 0.03 0.11 1.06 
 0.04 0.08 0.94 
 0.09 0.12 0.97 
 0.05 0.12 0.93 
 0.04 0.09 1.00 
 0.03 0.11 0.96 
 0.05 0.08 0.94 
 0.06 0.09 0.92 
 0.05 0.04 0.93 
 0.05 0.05 0.98 
 0.07 0.07 1.03 
 0.07 0.07 1.02 
 0.06 0.06 1.03 
 0.05 0.05 1.01 
 0.03 0.03 1.01 
 0.03 0.06 1.08 
 0.05 0.09 0.95 
 0.05 0.03 1.02 
 0.02 0.10 0.95 
 0.04 0.06 1.01 
 0.05 0.08 1.04 
 0.08 0.09 1.00 
 0.08 0.08 1.07 
 0.08 0.10 0.95 
 0.04 0.06 0.98 
 0.02 0.08 0.95 
 0.00 0.02 0.93 
 0.04 0.10 1.00 
 0.05 0.07 0.99 
 0.04 0.06 0.96 
 0.02 0.10 0.95 
 0.01 0.08 1.02 
 0.07 0.12 0.96 
 0.06 0.10 1.04 
 0.03 0.08 0.99 
 0.05 0.07 0.97 
 0.04 0.07 1.01 
 0.03 0.11 0.98 
 0.01 0.11 0.97 
 0.07 0.12 0.98 
 0.07 0.11 0.97 
 0.07 0.06 0.98 
 0.07 0.10 1.02 
 0.03 0.07 0.96 
 0.05 0.01 1.03 
 0.04 0.06 1.05 
 0.06 0.11 1.05 
 0.06 0.09 1.07 
 0.09 0.14 1.02 
 0.07 0.13 1.02 
 0.02 0.10 0.99 
 0.06 0.12 0.98 
 0.02 0.15 0.94 
 0.06 0.08 1.00 
 0.03 0.11 0.96 
 0.04 0.09 0.94 
 0.03 0.10 1.00 
 0.04 0.09 0.99 
 0.06 0.10 1.02 
 0.05 0.09 1.05 
 0.04 0.13 0.96 
 0.04 0.10 1.01 
 0.06 0.11 1.02 
 0.04 0.09 1.03 
 0.08 0.13 1.06 
 0.05 0.09 1.04 
 0.03 0.09 0.98 
 0.03 0.12 1.05 
 0.05 0.12 1.07 
 0.07 0.13 1.08 
 0.06 0.10 1.03 
 0.06 0.13 1.04 
 0.05 0.12 1.07 
 0.05 0.16 1.06 
 0.07 0.11 1.01 
 0.07 0.11 1.05 
 0.06 0.16 0.95 
 0.06 0.13 0.97 
 0.05 0.11 0.91 
 0.05 0.10 1.03 
 0.08 0.16 1.01 
 0.05 0.14 1.01 
 0.07 0.16 0.97 
 0.05 0.17 1.01 
 0.06 0.16 1.00 
 0.05 0.15 0.99 
 0.04 0.11 0.92 
 0.05 0.14 0.98 
 0.08 0.10 0.87 
 0.07 0.09 0.99 
 0.05 0.13 0.93 
 0.06 0.08 0.97 
 0.08 0.10 0.98 
 0.13 0.12 1.04 
 0.08 0.11 1.04 
 0.08 0.12 1.05 
 0.08 0.11 1.04 
 0.09 0.14 1.07 
 0.06 0.16 0.97 
 0.09 0.09 1.05 
 0.07 0.13 0.95 
 0.07 0.10 0.99 
 0.08 0.11 0.99 
 0.06 0.09 1.00 
 0.07 0.10 0.97 
 0.06 0.13 0.98 
 0.12 0.14 0.94 
 0.09 0.07 0.99 
 0.09 0.13 0.96 
 0.10 0.13 0.97 
 0.11 0.09 0.97 
 0.09 0.10 0.99 
 0.11 0.11 0.98 
 0.10 0.11 1.02 
 0.13 0.11 1.00 
 0.10 0.10 1.08 
 0.10 0.11 1.01 
 0.11 0.07 1.01 
 0.11 0.08 1.02 
 0.07 0.02 1.04 
 0.08 0.15 0.93 
 0.10 0.01 0.92 
 0.09 0.04 0.96 
 0.08 0.07 1.00 
 0.08 0.06 1.00 
 0.11 0.11 1.03 
 0.08 0.10 0.98 
 0.04 0.13 0.97 
 0.07 0.12 0.99 
 0.09 0.13 1.02 
 0.08 0.11 0.98 
 0.08 0.15 1.04 
 0.10 0.10 1.01 
 0.11 0.08 1.03 
 0.09 0.08 1.04 
 0.10 0.07 1.01 
 0.10 0.06 1.05 
 0.08 0.07 0.97 
 0.10 0.03 1.08 
 0.07 0.07 1.01 
 0.11 0.07 1.05 
 0.07 0.09 1.04 
 0.06 0.10 1.04 
 0.10 0.07 0.98 
 0.09 0.11 1.01 
 0.10 0.07 0.98 
 0.08 0.08 1.04 
 0.08 0.09 0.97 
 0.11 0.05 1.01 
 0.10 0.10 0.99 
 0.09 0.05 1.01 
 0.08 0.08 1.01 
 0.13 0.05 1.03 
 0.09 0.05 0.98 
 0.09 0.06 1.02 
 0.08 0.08 1.04 
 0.11 0.10 1.03 
 0.11 0.06 0.95 
 0.10 0.08 0.97 
 0.11 0.07 0.93 
 0.07 0.05 1.02 
 0.13 0.09 0.93 
 0.10 0.05 1.01 
 0.09 0.08 0.95 
 0.12 0.04 1.02 
 0.11 0.06 1.07 
 0.12 0.08 1.03 
 0.11 0.01 1.02 
 0.14 0.06 1.07 
 0.12 0.09 1.04 
 0.08 0.04 1.08 
 0.08 0.03 0.98 
 0.06 0.08 1.03 
 0.12 0.08 1.06 
 0.13 0.08 0.96 
 0.10 0.05 0.97 
 0.08 0.06 0.95 
 0.10 0.06 0.97 
 0.10 0.08 0.96 
 0.11 0.11 0.97 
 0.09 0.09 0.96 
 0.08 0.14 0.96 
 0.10 0.08 0.96 
 0.05 0.09 0.97 
 0.07 0.14 1.02 
 0.05 0.03 1.01 
 0.10 0.10 0.97 
 0.07 0.09 1.01 
 0.08 0.07 0.96 
 0.07 0.10 1.01 
 0.08 0.12 1.00 
 0.14 0.12 1.02 
 0.09 0.11 1.03 
 0.12 0.08 1.01 
 0.10 0.08 1.10 
 0.11 0.09 1.06 
 0.11 0.08 1.07 
 0.11 0.09 1.01 
 0.11 0.06 1.03 
 0.08 0.08 1.01 
 0.09 0.07 1.00 
 0.11 0.02 1.05 
 0.11 0.06 1.04 
 0.10 0.06 1.01 
 0.09 0.08 1.03 
 0.10 0.10 0.98 
 0.14 0.13 0.98 
 0.13 0.09 0.95 
 0.10 0.12 0.99 
 0.13 0.13 0.96 
 0.08 0.10 0.95 
 0.09 0.08 1.01 
 0.12 0.13 0.96 
 0.11 0.06 1.03 
 0.09 0.08 0.95 
 0.08 0.07 1.05 
 0.09 0.06 1.02 
 0.07 0.04 1.02 
 0.08 0.06 0.98 
 0.08 0.08 1.01 
 0.09 0.07 1.00 
 0.12 0.11 1.00 
 0.13 0.11 0.95 
 0.11 0.10 0.97 
 0.13 0.11 0.97 
 0.12 0.09 1.03 
 0.11 0.09 1.02 
 0.13 0.08 1.02 
 0.15 0.07 1.04 
 0.12 0.07 1.07 
 0.12 0.08 0.96 
 0.11 0.03 0.95 
 0.12 0.05 1.01 
 0.15 0.09 0.99 
 0.17 0.09 1.04 
 0.12 0.11 0.92 
 0.16 0.05 0.98 
 0.16 0.14 0.95 
 0.12 0.07 1.09 
 0.10 0.13 1.00 
 0.15 0.13 0.78 
 0.16 0.06 1.02 
 0.21 0.12 0.91 
 0.21 0.02 1.03 
 0.20 0.16 1.00 
 0.19 0.07 1.03 
 0.14 0.10 0.98 
 0.15 0.05 0.94 
 0.23 0.05 1.03 
 0.29 0.11 1.02 
 0.25 0.23 1.18 
 0.29 0.14 0.76 
 0.24 0.12 1.12 
 0.21 0.23 0.90 
 0.23 0.07 1.18 
 0.19 0.10 0.99 
 0.24 0.05 1.09 
 0.18 0.12 0.94 
 0.23 0.14 1.00 
 0.17 0.11 0.95 
 0.22 0.07 0.97 
 0.20 0.09 0.97 
 0.21 0.15 0.93 
 0.24 0.07 0.99 
 0.17 0.07 1.01 
 0.22 0.10 1.11 
 0.16 0.06 1.02 
 0.16 0.00 1.07 
 0.18 0.09 1.02 
 0.16 0.07 1.06 
 0.15 0.00 0.90 
 0.14 0.02 1.03 
 0.16 0.08 1.02 
 0.12 0.00 0.96 
 0.17 0.00 0.96 
 0.18 0.09 1.01 
 0.19 0.03 1.00 
 0.19 0.06 1.06 
 0.13 0.02 1.03 
 0.17 0.02 0.97 
 0.14 0.03 1.02 
 0.15 0.07 0.85 
 0.12 0.01 1.01 
 0.15 0.07 0.96 
 0.17 0.06 0.95 
 0.13 0.03 1.03 
 0.16 0.07 1.01 
 0.11 0.03 1.03 
 0.16 0.06 1.01 
 0.17 0.04 1.05 
 0.12 0.08 1.04 
 0.10 0.06 1.03 
 0.09 0.02 1.08 
 0.12 0.04 1.02 
 0.10 0.09 1.03 
 0.10 0.06 0.97 
 0.12 0.06 1.03 
 0.11 0.00 0.99 
 0.16 0.13 0.96 
 0.15 0.06 0.99 
 0.18 0.11 0.94 
 0.14 0.09 1.00 
 0.17 0.01 0.95 
 0.15 0.04 0.95 
 0.17 0.02 0.99 
 0.21 0.07 1.07 
 0.19 0.00 1.01 
 0.19 0.07 0.98 
 0.19 0.01 1.06 
 0.15 0.08 1.01 
 0.17 0.00 1.07 
 0.15 0.03 1.07 
 0.20 0.05 1.06 
 0.19 0.04 1.03 
 0.18 0.01 0.95 
 0.22 0.06 1.02 
 0.19 0.01 0.92 
 0.18 0.00 0.97 
 0.15 0.04 0.94 
 0.17 0.01 0.99 
 0.20 0.04 1.03 
 0.16 0.08 0.92 
 0.16 0.01 0.95 
 0.16 0.02 1.07 
 0.13 0.06 1.00 
 0.15 0.03 1.05 
 0.17 0.06 0.99 
 0.15 0.10 1.00 
 0.14 0.06 1.01 
 0.18 0.08 1.01 
 0.12 0.07 0.98 
 0.14 0.09 1.01 
 0.13 0.08 1.02 
 0.13 0.10 0.99 
 0.14 0.07 1.06 
 0.14 0.08 0.94 
 0.16 0.04 1.04 
 0.17 0.04 0.97 
 0.13 0.03 1.02 
 0.16 0.05 0.98 
 0.15 0.04 1.05 
 0.14 0.02 1.01 
 0.14 0.04 0.96 
 0.15 0.03 0.99 
 0.13 0.01 0.94 
 0.16 0.00 1.02 
 0.15 0.04 0.98 
 0.16 0.03 1.01 
 0.17 0.03 0.99 
 0.17 0.01 1.03 
 0.13 0.03 0.99 
 0.19 0.00 1.04 
 0.13 0.00 1.05 
 0.17 0.01 1.05 
 0.13 0.00 1.06 
 0.15 0.03 1.09 
 0.12 0.04 1.06 
 0.13 0.01 1.06 
 0.10 0.02 0.89 
 0.10 0.03 0.85 
 0.09 0.01 0.85 
 0.09 0.02 0.84 
 0.13 0.02 0.99 
 0.12 0.00 0.98 
 0.12 0.00 1.00 
 0.12 0.01 1.03 
 0.13 0.02 0.98 
 0.10 0.02 0.84 
 0.10 0.14 0.92 
 0.10 0.09 0.91 
 0.18 0.02 1.06 
 0.12 0.02 0.98 
 0.11 0.01 1.04 
 0.15 0.05 1.11 
 0.07 0.02 1.05 
 0.15 0.00 0.97 
 0.13 0.00 1.03 
 0.16 0.02 0.95 
 0.18 0.07 1.10 
 0.17 0.00 1.02 
 0.18 0.04 1.05 
 0.15 0.01 1.02 
 0.13 0.04 1.03 
 0.11 0.05 1.04 
 0.14 0.04 1.05 
 0.21 0.09 1.11 
 0.18 0.04 1.10 
 0.24 0.05 1.01 
 0.15 0.01 1.07 
 0.19 0.01 0.99 
 0.12 0.03 0.97 
 0.14 0.07 0.98 
 0.15 0.01 1.03 
 0.14 0.01 1.03 
 0.16 0.01 1.02 
 0.12 0.06 0.95 
 0.18 0.00 0.95 
 0.14 0.00 0.91 
 0.19 0.00 0.92 
 0.15 0.04 0.95 
 0.17 0.00 0.93 
 0.17 0.05 0.97 
 0.16 0.01 1.01 
 0.18 0.03 1.02 
 0.20 0.03 1.10 
 0.18 0.00 1.04 
 0.17 0.06 1.05 
 0.18 0.02 1.05 
 0.15 0.02 0.94 
 0.17 0.07 0.98 
 0.22 0.02 0.96 
 0.15 0.06 1.04 
 0.18 0.02 1.15 
 0.15 0.14 1.06 
 0.20 0.00 1.14 
 0.16 0.13 0.98 
 0.16 0.04 1.06 
 0.16 0.06 0.95 
 0.15 0.01 0.97 
 0.15 0.00 0.98 
 0.13 0.00 1.00 
 0.14 0.02 1.02 
 0.15 0.00 1.04 
 0.16 0.02 1.05 
 0.11 0.01 1.06 
 0.13 0.03 1.08 
 0.15 0.01 1.10 
 0.15 0.03 1.09 
 0.10 0.00 1.03 
 0.08 0.00 1.03 
 0.10 0.00 0.93 
 0.12 0.05 1.06 
 0.10 0.09 0.92 
 0.14 0.02 1.08 
 0.11 0.10 0.98 
 0.14 0.05 1.02 
 0.12 0.05 1.00 
 0.16 0.08 1.00 
 0.14 0.07 1.04 
 0.18 0.10 1.00 
 0.13 0.09 0.97 
 0.18 0.07 0.99 
 0.17 0.09 1.04 
 0.15 0.13 1.00 
 0.17 0.10 1.00 
 0.16 0.11 1.06 
 0.18 0.12 1.02 
 0.20 0.08 1.04 
 0.17 0.10 1.03 
 0.19 0.12 1.00 
 0.18 0.12 0.98 
 0.21 0.13 0.94 
 0.18 0.12 0.93 
 0.19 0.11 0.99 
 0.17 0.10 0.99 
 0.21 0.09 1.03 
 0.21 0.10 1.02 
 0.21 0.05 1.04 
 0.21 0.06 1.08 
 0.21 0.08 1.10 
 0.23 0.09 1.09 
 0.24 0.10 1.04 
 0.18 0.08 1.06 
 0.21 0.06 0.95 
 0.19 0.04 0.97 
 0.18 0.07 0.92 
 0.20 0.03 0.93 
 0.19 0.01 0.93 
 0.21 0.06 0.95 
 0.20 0.05 0.97 
 0.18 0.05 0.96 
 0.19 0.06 0.98 
 0.20 0.06 0.96 
 0.19 0.09 1.02 
 0.17 0.10 1.00 
 0.15 0.05 1.02 
 0.17 0.08 0.99 
 0.17 0.08 1.00 
 0.17 0.07 0.98 
 0.18 0.08 1.00 
 0.20 0.07 0.99 
 0.17 0.07 1.01 
 0.16 0.02 0.98 
 0.16 0.05 1.03 
 0.17 0.05 1.00 
 0.16 0.02 1.02 
 0.18 0.05 0.99 
 0.17 0.00 1.02 
 0.17 0.03 1.00 
 0.18 0.03 0.97 
 0.20 0.00 0.99 
 0.18 0.02 1.00 
 0.18 0.02 0.96 
 0.17 0.04 1.04 
 0.14 0.04 1.04 
 0.14 0.06 1.05 
 0.18 0.05 1.09 
 0.18 0.06 0.98 
 0.21 0.01 0.95 
 0.22 0.00 0.99 
 0.20 0.01 0.97 
 0.19 0.00 0.99 
 0.23 0.01 0.99 
 0.23 0.01 0.99 
 0.25 0.00 0.95 
 0.25 0.02 0.98 
 0.27 0.01 0.94 
 0.26 0.00 1.02 
 0.24 0.02 0.99 
 0.26 0.00 0.99 
 0.25 0.01 1.00 
 0.27 0.02 0.99 
 0.26 0.01 0.99 
 0.25 0.03 1.02 
 0.26 0.00 1.01 
 0.25 0.02 1.04 
 0.26 0.00 1.01 
 0.25 0.00 0.99 
 0.26 0.01 0.99 
 0.25 0.00 0.94 
 0.24 0.03 1.01 
 0.26 0.03 1.00 
 0.23 0.00 0.97 
 0.25 0.00 1.00 
 0.28 0.01 1.00 
 0.25 0.02 1.01 
 0.26 0.00 1.01 
 0.30 0.00 1.03 
 0.26 0.03 0.98 
 0.29 0.00 1.02 
 0.29 0.02 1.00 
 0.26 0.02 0.90 
 0.27 0.00 1.01 
 0.28 0.04 1.00 
 0.25 0.02 0.93 
 0.24 0.00 1.03 
 0.28 0.03 1.01 
 0.22 0.01 0.95 
 0.23 0.02 1.02 
 0.22 0.00 1.02 
 0.11 0.00 1.06 
 0.14 0.06 0.98 
 0.16 0.01 0.98 
 0.21 0.03 1.09 
 0.24 0.05 1.03 
 0.20 0.00 0.94 
 0.22 0.00 1.01 
 0.25 0.04 0.97 
 0.20 0.00 0.94 
 0.24 0.06 0.98 
 0.21 0.03 0.97 
 0.11 0.00 1.13 
 0.03 0.02 1.08 
 0.03 0.01 1.03 
 0.03 0.02 1.04 
 0.11 0.00 0.98 
 0.15 0.02 0.96 
 0.16 0.01 0.96 
 0.10 0.02 0.95 
 0.05 0.01 1.03 
 0.03 0.01 1.01 
 0.01 0.01 1.06 
 0.07 0.04 1.00 
 0.09 0.00 0.96 
 0.11 0.03 0.98 
 0.10 0.00 0.95 
 0.08 0.01 1.03 
 0.07 0.01 0.99 
 0.05 0.01 1.05 
 0.07 0.01 1.02 
 0.09 0.00 0.98 
 