0.01 0.00 1.03 
 0.00 0.02 0.99 
 0.00 0.04 1.04 
 0.02 0.00 1.02 
 0.04 0.02 0.95 
 0.00 0.00 1.03 
 0.00 0.04 0.99 
 0.00 0.03 1.05 
 0.02 0.00 1.03 
 0.07 0.01 0.98 
 0.02 0.03 1.01 
 0.03 0.02 0.97 
 0.00 0.04 1.06 
 0.00 0.01 1.03 
 0.02 0.05 0.98 
 0.02 0.03 1.01 
 0.06 0.03 0.95 
 0.00 0.04 1.06 
 0.00 0.02 1.00 
 0.01 0.03 1.01 
 0.02 0.03 1.00 
 0.02 0.02 0.97 
 0.00 0.03 1.04 
 0.00 0.03 1.00 
 0.00 0.03 1.03 
 0.02 0.03 1.00 
 0.01 0.04 0.96 
 0.00 0.01 1.03 
 0.00 0.02 0.98 
 0.02 0.03 1.02 
 0.02 0.02 1.01 
 0.01 0.04 0.99 
 0.00 0.00 1.01 
 0.01 0.02 1.00 
 0.03 0.05 1.03 
 0.03 0.00 1.02 
 0.02 0.05 0.96 
 0.01 0.01 1.01 
 0.03 0.00 0.98 
 0.02 0.04 1.04 
 0.02 0.00 1.01 
 0.03 0.04 0.99 
 0.01 0.02 0.99 
 0.01 0.00 0.99 
 0.00 0.04 1.05 
 0.02 0.01 1.02 
 0.00 0.03 0.97 
 0.01 0.02 1.01 
 0.04 0.02 0.97 
 0.00 0.02 1.05 
 0.01 0.00 1.00 
 0.00 0.03 1.00 
 0.02 0.04 1.01 
 0.02 0.03 0.95 
 0.00 0.01 1.05 
 0.01 0.00 1.00 
 0.00 0.03 1.00 
 0.03 0.03 1.01 
 0.02 0.04 0.97 
 0.00 0.02 1.04 
 0.00.00 0.02 1.00 
 0.01 0.05 1.04 
 0.01 0.00 1.02 
 0.03 0.04 0.97 
 0.01 0.01 1.00 
 0.05 0.02 0.96 
 0.02 0.03 1.05 
 0.03 0.00 1.02 
 0.02 0.03 0.97 
 0.01 0.01 1.00 
 0.03 0.02 0.98 
 0.01 0.04 1.06 
 0.02 0.00 1.02 
 0.02 0.04 0.98 
 0.01 0.02 1.00 
 0.02 0.03 0.96 
 0.03 0.04 1.07 
 0.03 0.01 1.01 
 0.01 0.03 0.96 
 0.02 0.02 1.01 
 0.01 0.01 0.98 
 0.01 0.05 1.05 
 0.03 0.01 1.03 
 0.00 0.06 0.95 
 0.01 0.02 1.00 
 0.08 0.02 0.98 
 0.02 0.04 1.07 
 0.02 0.02 1.03 
 0.03 0.04 0.99 
 0.01 0.00 1.00 
 0.00 0.01 0.98 
 0.02 0.05 1.03 
 0.03 0.02 1.02 
 0.02 0.05 0.99 
 0.00 0.00 1.02 
 0.04 0.00 0.97 
 0.01 0.04 1.07 
 0.00 0.00 1.03 
 0.05 0.04 0.99 
 0.00 0.00 1.01 
 0.04 0.00 0.99 
 0.03 0.06 1.05 
 0.07 0.00 1.01 
 0.07 0.03 1.02 
 0.06 0.00 0.98 
 0.08 0.03 1.04 
 0.07 0.02 1.00 
 0.08 0.00 1.00 
 0.07 0.04 0.99 
 0.09 0.04 1.04 
 0.09 0.04 1.00 
 0.09 0.05 1.01 
 0.10 0.06 1.01 
 0.10 0.04 0.99 
 0.11 0.04 1.01 
 0.12 0.04 1.01 
 0.11 0.05 0.98 
 0.11 0.05 0.98 
 0.12 0.06 1.00 
 0.10 0.04 1.03 
 0.11 0.03 1.02 
 0.12 0.02 0.98 
 0.12 0.03 0.97 
 0.12 0.00 1.00 
 0.12 0.03 0.99 
 0.11 0.04 1.00 
 0.11 0.02 1.00 
 0.12 0.06 1.00 
 0.13 0.04 1.03 
 0.13 0.04 0.99 
 0.12 0.04 1.00 
 0.14 0.02 1.00 
 0.13 0.05 1.02 
 0.13 0.06 1.01 
 0.11 0.07 0.99 
 0.09 0.05 1.00 
 0.08 0.05 0.97 
 0.07 0.04 0.99 
 0.09 0.03 1.02 
 0.09 0.05 1.02 
 0.10 0.01 1.02 
 0.09 0.04 1.02 
 0.11 0.00 1.00 
 0.12 0.00 0.95 
 0.15 0.01 1.02 
 0.14 0.04 1.02 
 0.16 0.00 1.01 
 0.11 0.00 1.00 
 0.06 0.02 1.00 
 0.05 0.03 0.99 
 0.00 0.00 0.97 
 0.04 0.01 0.98 
 0.08 0.02 1.01 
 0.06 0.04 1.01 
 0.10 0.00 1.06 
 0.08 0.05 0.95 
 0.09 0.00 0.99 
 0.03 0.04 1.05 
 0.02 0.00 1.05 
 0.00 0.00 0.85 
 0.06 0.04 1.01 
 0.05 0.05 1.02 
 0.01 0.02 1.10 
 0.04 0.02 1.05 
 0.05 0.01 1.00 
 0.03 0.00 1.03 
 0.06 0.00 1.04 
 0.09 0.07 0.99 
 0.06 0.01 0.98 
 0.06 0.05 1.01 
 0.05 0.04 1.02 
 0.08 0.03 0.98 
 0.06 0.02 1.02 
 0.07 0.03 1.04 
 0.11 0.01 1.00 
 0.09 0.00 1.01 
 0.10 0.03 1.00 
 0.11 0.02 1.01 
 0.12 0.05 1.02 
 0.16 0.02 1.04 
 0.07 0.02 1.03 
 0.02 0.06 1.00 
 0.01 0.01 1.01 
 0.01 0.00 0.96 
 0.03 0.01 0.99 
 0.08 0.01 0.96 
 0.12 0.01 0.98 
 0.09 0.05 0.99 
 0.05 0.03 0.96 
 0.03 0.01 1.01 
 0.06 0.01 1.00 
 0.07 0.01 1.04 
 0.06 0.02 1.05 
 0.11 0.00 1.01 
 0.10 0.02 0.99 
 0.06 0.00 0.99 
 0.07 0.01 1.00 
 0.06 0.01 1.02 
 0.06 0.01 1.02 
 0.08 0.03 0.97 
 0.11 0.00 0.97 
 0.07 0.00 1.04 
 0.08 0.01 1.01 
 0.06 0.01 1.02 
 0.09 0.03 0.98 
 0.09 0.00 0.98 
 0.10 0.01 0.98 
 0.09 0.01 0.96 
 0.10 0.00 0.97 
 0.11 0.01 1.00 
 0.08 0.04 1.01 
 0.09 0.02 1.00 
 0.09 0.01 1.01 
 0.06 0.06 1.04 
 0.07 0.02 1.04 
 0.06 0.04 1.00 
 0.06 0.00 0.97 
 0.06 0.01 1.01 
 0.02 0.00 1.05 
 0.06 0.03 1.02 
 0.02 0.03 1.00 
 0.04 0.01 0.99 
 0.03 0.00 1.01 
 0.03 0.01 1.07 
 0.00 0.01 1.01 
 0.01 0.03 1.00 
 0.04 0.00 0.96 
 0.00 0.01 0.99 
 0.01 0.00 1.00 
 0.05 0.00 1.02 
 0.08 0.01 1.02 
 0.02 0.02 1.01 
 0.03 0.03 0.95 
 0.06 0.02 0.96 
 0.04 0.01 1.01 
 0.06 0.00 1.09 
 0.05 0.06 1.02 
 0.03 0.00 1.06 
 0.01 0.02 1.05 
 0.02 0.00 1.03 
 0.01 0.02 1.00 
 0.02 0.05 0.98 
 0.09 0.01 0.97 
 0.06 0.03 0.99 
 0.04 0.07 0.98 
 0.01 0.07 0.96 
 0.01 0.07 1.01 
 0.01 0.07 1.02 
 0.05 0.07 0.97 
 0.04 0.09 0.98 
 0.02 0.10 0.98 
 0.03 0.08 1.02 
 0.00 0.07 1.04 
 0.04 0.08 0.99 
 0.05 0.08 0.97 
 0.03 0.09 0.94 
 0.02 0.05 1.02 
 0.02 0.05 1.04 
 0.02 0.05 0.97 
 0.00 0.06 1.03 
 0.00 0.07 0.97 
 0.01 0.00 0.96 
 0.01 0.15 0.97 
 0.03 0.09 0.97 
 0.02 0.11 0.96 
 0.05 0.10 1.00 
 0.05 0.07 0.93 
 0.03 0.10 1.00 
 0.03 0.07 1.01 
 0.02 0.08 1.03 
 0.05 0.02 1.06 
 0.00 0.10 1.05 
 0.04 0.06 1.04 
 0.06 0.10 1.05 
 0.04 0.10 1.05 
 0.04 0.11 1.01 
 0.02 0.08 1.01 
 0.05 0.06 0.97 
 0.05 0.06 1.00 
 0.01 0.05 0.97 
 0.02 0.05 0.91 
 0.03 0.05 0.92 
 0.04 0.04 0.99 
 0.06 0.08 1.03 
 0.06 0.04 1.10 
 0.01 0.06 1.06 
 0.05 0.04 1.11 
 0.02 0.02 1.09 
 0.06 0.01 1.07 
 0.03 0.00 1.10 
 0.05 0.05 1.00 
 0.04 0.00 1.06 
 0.05 0.04 0.96 
 0.04 0.00 0.94 
 0.01 0.00 0.94 
 0.03 0.00 0.92 
 0.04 0.02 0.92 
 0.00 0.02 0.82 
 0.04 0.06 1.11 
 0.03 0.09 0.93 
 0.07 0.09 1.10 
 0.06 0.07 0.98 
 0.08 0.01 1.00 
 0.04 0.00 1.07 
 0.04 0.07 1.12 
 0.02 0.04 1.12 
 0.02 0.00 1.15 
 0.03 0.08 1.03 
 0.01 0.07 1.04 
 0.03 0.01 0.96 
 0.04 0.01 1.02 
 0.03 0.06 1.01 
 0.02 0.02 0.91 
 0.02 0.04 0.80 
 0.02 0.01 0.71 
 0.03 0.03 0.76 
 0.05 0.01 0.81 
 0.02 0.03 0.86 
 0.10 0.12 0.98 
 0.04 0.05 0.99 
 0.07 0.02 1.18 
 0.00 0.15 1.12 
 0.00 0.01 1.10 
 0.07 0.05 1.28 
 0.01 0.07 1.10 
 0.05 0.04 1.11 
 0.02 0.01 1.13 
 0.04 0.01 1.04 
 0.01 0.01 1.01 
 0.01 0.03 0.98 
 0.04 0.03 0.93 
 0.01 0.00 0.98 
 0.02 0.03 0.97 
 0.03 0.01 0.93 
 0.00 0.01 0.88 
 0.03 0.00 1.00 
 0.01 0.02 0.99 
 0.00 0.03 1.05 
 0.00 0.02 0.99 
 0.00 0.00 1.07 
 0.00 0.05 1.00 
 0.02 0.01 1.13 
 0.04 0.02 1.08 
 0.02 0.03 1.07 
 0.04 0.02 1.08 
 0.04 0.04 0.98 
 0.03 0.05 0.97 
 0.03 0.00 0.91 
 0.02 0.00 0.91 
 0.01 0.04 0.93 
 0.04 0.08 0.95 
 0.00 0.03 0.95 
 0.02 0.01 0.93 
 0.02 0.02 1.00 
 0.04 0.03 0.99 
 0.07 0.02 1.03 
 0.01 0.02 1.08 
 0.00 0.01 1.09 
 0.02 0.03 1.11 
 0.01 0.00 1.04 
 0.00 0.03 1.07 
 0.02 0.01 1.05 
 0.00 0.02 0.99 
 0.02 0.01 1.01 
 0.03 0.01 1.05 
 0.00 0.01 1.02 
 0.05 0.00 1.00 
 0.04 0.04 0.97 
 0.04 0.00 0.98 
 0.02 0.03 0.95 
 0.00 0.02 0.98 
 0.02 0.01 0.97 
 0.07 0.05 1.01 
 0.01 0.04 1.00 
 0.00 0.03 1.01 
 0.02 0.05 0.95 
 0.01 0.06 1.01 
 0.01 0.05 1.01 
 0.00 0.08 1.04 
 0.00 0.03 0.99 
 0.03 0.10 1.02 
 0.01 0.09 1.01 
 0.03 0.07 1.06 
 0.00 0.08 1.01 
 0.00 0.06 1.01 
 0.01 0.07 0.93 
 0.00 0.07 1.02 
 0.01 0.02 1.01 
 0.01 0.06 0.97 
 0.01 0.02 0.97 
 0.01 0.00 0.98 
 0.02 0.00 0.99 
 0.05 0.03 0.96 
 0.02 0.06 1.02 
 0.01 0.05 0.99 
 0.00 0.05 0.98 
 0.01 0.05 1.02 
 0.03 0.08 0.99 
 0.01 0.07 1.00 
 0.02 0.07 0.98 
 0.03 0.05 1.02 
 0.01 0.06 0.99 
 0.03 0.05 0.98 
 0.00 0.07 1.02 
 0.03 0.09 0.97 
 0.06 0.00 1.02 
 0.04 0.07 1.01 
 0.06 0.06 0.99 
 0.02 0.02 1.01 
 0.06 0.06 0.99 
 0.00 0.03 0.98 
 0.03 0.06 1.02 
 0.02 0.08 1.02 
 0.02 0.06 1.03 
 0.03 0.04 0.97 
 0.04 0.07 1.02 
 0.04 0.08 1.01 
 0.05 0.07 1.02 
 0.00 0.06 1.00 
 0.04 0.10 1.01 
 0.03 0.12 0.99 
 0.03 0.09 0.98 
 0.04 0.11 0.99 
 0.00 0.08 1.03 
 0.04 0.09 1.00 
 0.02 0.09 1.03 
 0.03 0.12 1.00 
 0.03 0.07 1.02 
 0.03 0.10 1.05 
 0.05 0.10 1.01 
 0.04 0.07 1.01 
 0.05 0.10 1.04 
 0.03 0.07 1.03 
 0.01 0.06 1.00 
 0.05 0.09 0.99 
 0.03 0.10 0.98 
 0.05 0.09 1.01 
 0.04 0.12 0.99 
 0.03 0.05 0.98 
 0.06 0.11 1.01 
 0.05 0.11 1.03 
 0.00 0.09 0.96 
 0.05 0.10 1.05 
 0.04 0.11 1.00 
 0.05 0.13 0.96 
 0.08 0.11 0.95 
 0.03 0.11 1.03 
 0.02 0.06 0.94 
 0.03 0.13 0.99 
 0.06 0.11 1.01 
 0.04 0.11 0.97 
 0.02 0.07 0.98 
 0.06 0.16 1.08 
 0.05 0.11 0.96 
 0.05 0.11 1.01 
 0.06 0.17 1.02 
 0.04 0.14 1.03 
 0.03 0.10 0.97 
 0.06 0.13 1.05 
 0.07 0.13 0.98 
 0.05 0.13 1.01 
 0.04 0.12 0.99 
 0.02 0.14 1.02 
 0.05 0.11 1.00 
 0.07 0.10 0.98 
 0.05 0.11 0.93 
 0.10 0.15 1.03 
 0.08 0.15 1.02 
 0.09 0.14 0.98 
 0.06 0.10 0.97 
 0.08 0.14 0.96 
 0.10 0.17 1.03 
 0.08 0.16 1.02 
 0.05 0.13 0.98 
 0.04 0.15 1.01 
 0.06 0.16 1.00 
 0.06 0.15 0.99 
 0.05 0.15 1.00 
 0.07 0.16 0.97 
 0.04 0.18 0.96 
 0.02 0.18 0.95 
 0.07 0.16 1.03 
 0.06 0.15 1.00 
 0.10 0.15 1.07 
 0.09 0.20 1.00 
 0.11 0.16 1.04 
 0.07 0.17 1.03 
 0.08 0.11 1.02 
 0.04 0.17 1.02 
 0.06 0.10 0.97 
 0.08 0.16 0.90 
 0.10 0.17 0.97 
 0.04 0.19 0.96 
 0.06 0.15 0.95 
 0.06 0.14 0.99 
 0.06 0.18 1.03 
 0.06 0.13 1.02 
 0.06 0.13 1.03 
 0.05 0.08 1.03 
 0.05 0.10 1.03 
 0.06 0.14 0.98 
 0.05 0.08 0.99 
 0.07 0.14 0.97 
 0.10 0.04 0.96 
 0.06 0.09 0.98 
 0.04 0.06 0.96 
 0.05 0.04 1.00 
 0.05 0.05 1.03 
 0.06 0.07 1.03 
 0.07 0.10 1.03 
 0.07 0.03 0.97 
 0.08 0.08 1.00 
 0.09 0.06 0.95 
 0.06 0.05 0.96 
 0.08 0.08 0.93 
 0.07 0.01 0.99 
 0.08 0.07 0.93 
 0.04 0.00 1.00 
 0.06 0.06 0.93 
 0.10 0.06 0.98 
 0.10 0.08 0.90 
 0.11 0.05 0.93 
 0.11 0.05 0.99 
 0.11 0.07 0.94 
 0.12 0.00 1.02 
 0.11 0.05 1.02 
 0.11 0.04 1.08 
 0.11 0.00 1.03 
 0.09 0.02 1.13 
 0.08 0.01 1.04 
 0.16 0.02 1.03 
 0.09 0.04 1.00 
 0.13 0.05 1.08 
 0.09 0.03 0.98 
 0.11 0.01 1.03 
 0.03 0.03 1.03 
 0.10 0.03 0.97 
 0.10 0.05 0.93 
 0.07 0.01 0.99 
 0.11 0.08 0.90 
 0.09 0.00 0.91 
 0.11 0.07 0.93 
 0.13 0.00 0.97 
 0.12 0.04 0.99 
 0.14 0.07 0.95 
 0.12 0.01 1.02 
 0.11 0.09 0.95 
 0.09 0.00 0.98 
 0.07 0.04 0.94 
 0.04 0.00 0.95 
 0.08 0.04 0.94 
 0.08 0.06 0.95 
 0.08 0.02 0.99 
 0.12 0.08 0.95 
 0.12 0.04 1.04 
 0.13 0.07 0.99 
 0.08 0.00 1.03 
 0.12 0.01 1.02 
 0.13 0.02 1.05 
 0.10 0.00 1.09 
 0.10 0.07 1.04 
 0.10 0.00 1.06 
 0.09 0.07 0.97 
 0.09 0.00 1.00 
 0.07 0.00 0.98 
 0.12 0.00 0.97 
 0.12 0.05 0.96 
 0.14 0.02 1.04 
 0.10 0.04 0.98 
 0.16 0.03 1.05 
 0.12 0.04 0.95 
 0.14 0.01 0.97 
 0.12 0.01 0.99 
 0.11 0.02 1.03 
 0.12 0.01 1.00 
 0.10 0.01 1.01 
 0.12 0.02 1.03 
 0.09 0.05 0.96 
 0.10 0.02 0.99 
 0.11 0.04 0.97 
 0.13 0.01 1.01 
 0.18 0.00 1.02 
 0.17 0.01 1.05 
 0.16 0.00 0.96 
 0.21 0.02 1.04 
 0.17 0.01 1.01 
 0.16 0.00 1.06 
 0.10 0.03 0.96 
 0.14 0.02 1.04 
 0.16 0.01 0.94 
 0.17 0.00 0.97 
 0.20 0.04 0.88 
 0.19 0.01 1.02 
 0.29 0.07 1.04 
 0.22 0.06 0.92 
 0.24 0.12 0.98 
 0.21 0.01 1.01 
 0.23 0.04 1.11 
 0.24 0.06 0.96 
 0.27 0.01 1.06 
 0.22 0.07 0.93 
 0.25 0.01 1.06 
 0.23 0.03 1.02 
 0.26 0.00 1.01 
 0.20 0.04 0.96 
 0.22 0.05 1.03 
 0.25 0.00 0.95 
 0.29 0.01 1.05 
 0.15 0.01 1.08 
 0.29 0.02 1.03 
 0.18 0.03 1.02 
 0.24 0.06 0.94 
 0.23 0.06 0.99 
 0.25 0.00 1.03 
 0.24 0.01 0.96 
 0.27 0.02 1.02 
 0.26 0.00 1.01 
 0.29 0.00 0.98 
 0.24 0.00 1.00 
 0.25 0.04 1.00 
 0.25 0.01 1.01 
 0.25 0.01 1.02 
 0.24 0.02 0.97 
 0.26 0.00 1.00 
 0.24 0.00 1.01 
 0.23 0.03 1.00 
 0.21 0.02 1.00 
 0.24 0.00 0.98 
 0.22 0.03 1.01 
 0.20 0.03 1.00 
 0.24 0.01 0.95 
 0.23 0.03 0.98 
 0.21 0.02 0.95 
 0.21 0.00 0.90 
 0.21 0.01 0.93 
 0.20 0.00 0.93 
 0.21 0.01 0.99 
 0.18 0.04 1.00 
 0.21 0.01 0.96 
 0.17 0.00 1.02 
 0.20 0.00 1.02 
 0.21 0.03 1.00 
 0.18 0.02 0.99 
 0.19 0.02 0.99 
 0.20 0.00 1.03 
 0.20 0.01 1.03 
 0.17 0.00 1.01 
 0.20 0.01 1.04 
 0.18 0.00 1.03 
 0.19 0.00 0.94 
 0.17 0.02 0.97 
 0.20 0.01 0.95 
 0.15 0.00 1.04 
 0.19 0.02 0.96 
 0.18 0.04 1.01 
 0.18 0.00 1.00 
 0.19 0.00 1.03 
 0.21 0.01 0.99 
 0.19 0.03 1.03 
 0.17 0.02 0.99 
 0.22 0.04 1.00 
 0.18 0.04 1.00 
 0.19 0.02 0.95 
 0.20 0.02 0.99 
 0.17 0.04 1.00 
 0.20 0.03 0.97 
 0.21 0.02 0.98 
 0.21 0.01 0.92 
 0.19 0.01 0.96 
 0.18 0.03 1.00 
 0.18 0.02 0.99 
 0.18 0.01 0.99 
 0.17 0.02 1.00 
 0.22 0.00 0.99 
 0.20 0.00 1.05 
 0.20 0.04 1.03 
 0.20 0.00 0.97 
 0.22 0.03 1.02 
 0.18 0.02 1.03 
 0.18 0.00 0.98 
 0.21 0.02 1.03 
 0.18 0.03 1.01 
 0.17 0.00 1.00 
 0.18 0.01 0.95 
 0.21 0.00 0.97 
 0.18 0.00 0.99 
 0.17 0.01 0.94 
 0.19 0.02 0.99 
 0.13 0.00 1.00 
 0.20 0.01 0.98 
 0.18 0.01 1.01 
 0.20 0.03 1.00 
 0.17 0.00 1.01 
 0.19 0.04 1.02 
 0.22 0.00 1.02 
 0.21 0.02 1.00 
 0.21 0.02 1.00 
 0.20 0.00 0.99 
 0.21 0.01 1.00 
 0.22 0.03 1.00 
 0.17 0.00 0.96 
 0.15 0.00 0.96 
 0.18 0.00 1.01 
 0.21 0.00 1.01 
 0.17 0.00 0.99 
 0.18 0.01 0.99 
 0.19 0.01 0.99 
 0.19 0.03 1.04 
 0.17 0.03 1.08 
 0.16 0.02 1.12 
 0.16 0.02 1.08 
 0.16 0.02 1.12 
 0.18 0.01 1.13 
 0.14 0.02 1.07 
 0.11 0.04 0.94 
 0.11 0.03 0.80 
 0.14 0.00 0.76 
 0.08 0.03 0.75 
 0.06 0.01 0.71 
 0.12 0.04 0.83 
 0.10 0.04 0.88 
 0.09 0.05 0.94 
 0.12 0.05 0.96 
 0.13 0.05 1.14 
 0.12 0.01 1.05 
 0.16 0.02 1.21 
 0.13 0.00 1.06 
 0.17 0.08 1.20 
 0.14 0.01 1.06 
 0.18 0.12 1.07 
 0.17 0.05 1.01 
 0.18 0.06 1.04 
 0.14 0.05 1.02 
 0.14 0.01 0.95 
 0.16 0.03 0.91 
 0.13 0.06 0.87 
 0.13 0.02 0.85 
 0.12 0.04 0.94 
 0.16 0.01 0.99 
 0.11 0.02 1.01 
 0.12 0.06 1.05 
 0.16 0.06 1.08 
 0.15 0.04 1.17 
 0.16 0.03 1.07 
 0.20 0.13 1.14 
 0.12 0.03 1.19 
 0.18 0.03 1.08 
 0.10 0.15 1.07 
 0.11 0.00 0.84 
 0.11 0.14 0.84 
 0.13 0.00 0.83 
 0.09 0.01 0.85 
 0.17 0.00 0.94 
 0.16 0.02 0.90 
 0.15 0.00 0.91 
 0.16 0.01 0.97 
 0.18 0.02 0.96 
 0.17 0.06 1.06 
 0.20 0.00 1.05 
 0.22 0.02 1.10 
 0.18 0.00 1.05 
 0.18 0.05 1.04 
 0.24 0.03 0.96 
 0.20 0.00 0.93 
 0.24 0.00 0.98 
 0.20 0.01 1.03 
 0.22 0.03 0.98 
 0.19 0.06 1.05 
 0.20 0.00 1.00 
 0.17 0.06 0.95 
 0.14 0.02 0.85 
 0.23 0.12 1.05 
 0.19 0.06 1.00 
 0.19 0.09 1.05 
 0.20 0.05 0.94 
 0.19 0.01 1.01 
 0.18 0.04 0.92 
 0.20 0.01 0.91 
 0.19 0.02 0.89 
 0.18 0.02 0.91 
 0.20 0.01 1.02 
 0.21 0.06 0.97 
 0.20 0.01 1.03 
 0.21 0.06 1.00 
 0.20 0.00 1.09 
 0.18 0.03 0.99 
 0.21 0.00 1.05 
 0.23 0.09 0.98 
 0.15 0.01 0.94 
 0.21 0.03 0.97 
 0.27 0.02 0.94 
 0.27 0.03 1.08 
 0.21 0.12 0.83 
 0.19 0.00 1.00 
 0.19 0.05 0.89 
 0.21 0.03 1.03 
 0.19 0.06 1.01 
 0.21 0.02 1.03 
 0.20 0.07 0.93 
 0.21 0.10 1.09 
 0.21 0.05 0.88 
 0.18 0.07 1.09 
 0.20 0.10 1.02 
 0.20 0.02 1.09 
 0.20 0.01 1.10 
 0.19 0.01 1.04 
 0.24 0.01 0.95 
 0.19 0.02 1.00 
 0.21 0.05 0.92 
 0.22 0.12 0.97 
 0.21 0.04 0.96 
 0.21 0.06 0.96 
 0.19 0.05 0.91 
 0.18 0.10 0.97 
 0.18 0.05 0.92 
 0.20 0.07 0.93 
 0.21 0.03 0.92 
 0.21 0.03 0.96 
 0.19 0.01 0.95 
 0.21 0.02 1.06 
 0.19 0.02 0.98 
 0.26 0.00 0.98 
 0.21 0.02 1.01 
 0.26 0.06 1.08 
 0.19 0.01 1.09 
 0.24 0.00 1.05 
 0.22 0.01 1.00 
 0.24 0.06 1.00 
 0.28 0.00 1.00 
 0.27 0.05 0.99 
 0.26 0.06 0.97 
 0.30 0.03 0.91 
 0.31 0.01 0.94 
 0.26 0.00 1.02 
 0.31 0.00 0.92 
 0.29 0.04 0.99 
 0.29 0.01 1.01 
 0.29 0.05 1.00 
 0.28 0.01 0.95 
 0.27 0.05 0.94 
 0.27 0.03 0.93 
 0.27 0.05 0.96 
 0.24 0.02 1.01 
 0.24 0.01 0.99 
 0.19 0.03 1.00 
 0.21 0.00 0.99 
 0.25 0.04 1.07 
 0.22 0.00 1.03 
 0.27 0.04 1.02 
 0.21 0.01 0.98 
 0.32 0.02 1.04 
 0.22 0.00 1.01 
 0.23 0.01 1.06 
 0.23 0.00 0.93 
 0.20 0.09 0.95 
 0.28 0.00 0.88 
 0.31 0.03 0.96 
 0.31 0.00 0.94 
 0.33 0.03 1.02 
 0.26 0.00 0.94 
 0.27 0.00 0.95 
 0.36 0.02 1.09 
 0.23 0.15 0.91 
 0.13 0.05 1.18 
 0.30 0.02 1.06 
 0.30 0.01 1.12 
 0.28 0.08 0.91 
 0.30 0.06 1.01 
 0.28 0.02 0.96 
 0.29 0.01 0.99 
 0.27 0.02 0.95 
 0.26 0.01 0.93 
 0.28 0.00 0.97 
 0.31 0.00 0.93 
 0.26 0.06 0.87 
 0.29 0.04 0.94 
 0.30 0.02 0.94 
 0.32 0.02 1.04 
 0.32 0.00 1.01 
 0.34 0.04 1.03 
 0.34 0.01 1.02 
 0.33 0.05 1.02 
 0.31 0.05 1.04 
 0.32 0.08 0.99 
 0.35 0.02 1.01 
 0.32 0.04 1.00 
 0.33 0.05 0.99 
 0.34 0.01 0.98 
 0.32 0.03 0.98 
 0.30 0.02 0.97 
 0.31 0.00 0.96 
 0.33 0.00 1.01 
 0.31 0.00 0.98 
 0.29 0.01 1.05 
 0.29 0.00 0.96 
 0.30 0.04 0.95 
 0.27 0.00 0.99 
 0.28 0.00 0.92 
 0.30 0.08 1.06 
 0.34 0.03 0.99 
 0.30 0.01 0.94 
 0.29 0.06 1.02 
 0.28 0.04 0.96 
 0.29 0.01 0.95 
 0.31 0.07 0.96 
 0.30 0.02 0.90 
 0.30 0.02 1.01 
 0.31 0.02 0.93 
 0.30 0.01 0.91 
 0.29 0.03 0.98 
 0.31 0.00 0.97 
 0.32 0.03 0.93 
 0.32 0.02 1.03 
 0.35 0.05 0.98 
 0.35 0.01 0.97 
 0.35 0.01 1.05 
 0.30 0.06 1.06 
 0.27 0.03 0.99 
 0.30 0.05 1.01 
 0.28 0.04 0.96 
 0.29 0.02 1.02 
 0.30 0.04 0.98 
 0.27 0.00 0.96 
 0.29 0.01 1.00 
 0.29 0.01 0.96 
 0.25 0.01 1.00 
 0.29 0.04 0.97 
 0.29 0.01 0.94 
 0.26 0.00 1.02 
 0.30 0.06 0.96 
 0.29 0.00 0.94 
 0.30 0.01 1.03 
 0.32 0.05 0.99 
 0.28 0.00 0.92 
 0.31 0.01 0.99 
 0.34 0.00 0.99 
 0.32 0.00 0.98 
 0.36 0.09 0.88 
 0.35 0.06 0.90 
 0.28 0.02 1.02 
 0.16 0.04 1.05 
 0.08 0.00 1.06 
 0.10 0.06 1.04 
 0.09 0.03 0.97 
 0.20 0.05 0.97 
 0.24 0.04 0.92 
 0.23 0.01 1.00 
 0.20 0.05 1.00 
 0.13 0.01 1.00 
 0.11 0.05 1.05 
 0.10 0.02 0.99 
 0.15 0.01 0.99 
 0.21 0.02 0.95 
 0.21 0.00 0.99 
 0.20 0.03 0.96 
 0.17 0.01 0.96 
 0.16 0.02 0.99 
 0.13 0.01 0.98 
 0.17 0.01 1.00 
 0.17 0.01 0.98 
 0.21 0.00 1.01 
 0.20 0.02 0.99 
 0.19 0.00 0.99 
 0.17 0.02 1.01 
 0.10 0.00 1.01 
 0.18 0.02 1.00 
 0.17 0.02 0.97 
 0.19 0.03 0.99 
 0.17 0.04 0.98 
 0.17 0.01 1.00 
 0.17 0.03 0.98 
 0.17 0.01 1.03 
 0.17 0.04 1.00 
 0.15 0.01 0.98 
 0.19 0.03 1.00 
 0.17 0.02 0.96 
 0.20 0.00 1.02 
 0.18 0.02 1.00 
 0.15 0.01 1.00 
 0.18 0.04 1.00 
 0.16 0.00 0.96 
 0.18 0.00 1.01 
 0.19 0.03 1.00 
 0.12 0.00 1.01 
 0.19 0.05 0.99 
 0.17 0.00 0.96 
 0.18 0.00 1.04 
 0.18 0.00 1.00 
 0.15 0.00 1.02 
 0.19 0.06 1.01 
 0.17 0.00 0.95 
 0.18 0.01 1.01 
 0.17 0.01 0.99 
 0.16 0.00 1.01 
 0.18 0.06 0.99 
 0.20 0.01 0.94 
 0.18 0.01 1.01 
 0.17 0.01 1.00 
 0.17 0.00 1.02 
 0.18 0.05 1.00 
 0.16 0.00 0.95 
 0.18 0.02 1.00 
 0.17 0.02 1.00 
 0.17 0.00 1.00 
 0.19 0.06 1.00 
 0.11 0.01 0.95 
 0.18 0.02 1.02 
 0.17 0.02 0.99 
 0.18 0.00 1.03 
 0.19 0.05 1.01 
 0.21 0.00 0.97 
 0.18 0.04 0.99 
 0.17 0.02 0.99 
 0.18 0.02 1.01 
 0.18 0.04 1.00 
 0.13 0.00 0.98 
 0.20 0.03 0.99 
 0.15 0.02 0.96 
 0.18 0.01 1.01 
 0.18 0.03 1.00 
 0.16 0.00 0.99 
 0.19 0.05 1.00 
 0.21 0.01 0.95 
 0.16 0.02 1.02 
 0.18 0.03 1.00 
 0.16 0.00 1.02 
 0.19 0.05 1.00 
 0.23 0.01 0.96 
 0.17 0.01 1.02 
 0.16 0.02 1.00 
 0.17 0.01 1.02 
 0.18 0.03 1.01 
 0.17 0.01 0.97 
 0.18 0.02 0.99 
 0.16 0.00 0.96 
 0.16 0.04 1.03 
 0.18 0.00 1.00 
 0.16 0.02 0.97 
 0.19 0.02 0.97 
 0.16 0.00 0.96 
 0.16 0.02 1.02 
 0.17 0.00 1.00 
 0.17 0.02 1.01 
 0.18 0.03 1.01 
 0.17 0.00 0.96 
 0.18 0.02 1.03 
 0.17 0.02 1.00 
 0.18 0.01 1.03 
 0.20 0.05 1.02 
 0.11 0.01 0.97 
 0.17 0.03 1.02 
 0.17 0.03 0.97 
 0.19 0.01 1.03 
 0.18 0.04 1.01 
 0.11 0.00 0.97 
 0.18 0.03 0.99 
 0.17 0.01 0.96 
 0.17 0.02 1.03 
 0.19 0.01 0.99 
 0.16 0.01 0.98 
 0.19 0.03 0.98 
 0.16 0.00 0.95 
 0.16 0.01 1.01 
 0.18 0.02 1.00 
 0.17 0.02 0.98 
 0.19 0.03 1.00 
 0.16 0.01 0.95 
 0.16 0.00 1.01 
 0.18 0.01 0.99 
 0.16 0.02 1.03 
 0.18 0.05 1.00 
 0.17 0.00 0.95 
 0.17 0.00 1.01 
 0.16 0.02 1.00 
 0.16 0.02 1.04 
 0.17 0.06 1.01 
 0.22 0.00 0.97 
 0.18 0.02 1.01 
 0.16 0.01 0.99 
 0.17 0.02 1.06 
 0.20 0.05 1.00 
 0.19 0.01 0.96 
 0.18 0.00 1.00 
 0.18 0.01 0.97 
 0.17 0.03 1.03 
 0.18 0.03 1.01 
 0.15 0.00 0.97 
 0.17 0.03 1.00 
 0.16 0.01 0.99 
 0.17 0.02 1.03 
 0.18 0.02 1.00 
 0.15 0.02 0.97 
 0.18 0.02 0.98 
 0.17 0.00 0.97 
 0.18 0.02 1.03 
 0.18 0.02 1.01 
 0.07 0.01 0.95 
 0.01 0.02 1.06 
 0.07 0.01 1.03 
 0.03 0.01 1.06 
 0.01 0.00 1.07 
 0.02 0.03 0.95 
 0.00 0.02 1.01 
 0.05 0.01 0.99 
 0.03 0.00 0.93 
 0.03 0.03 1.00 
 0.06 0.05 1.00 
 0.00 0.01 0.94 
 0.02 0.01 1.04 
 0.05 0.02 0.98 
 0.03 0.01 0.93 
 0.03 0.00 1.02 
 0.05 0.01 1.01 
 0.05 0.02 1.01 
 0.06 0.00 1.00 
 0.06 0.02 1.00 
 0.06 0.05 1.01 
 0.06 0.01 1.01 
 0.06 0.05 0.99 
 0.07 0.01 1.02 
 0.09 0.04 1.00 
 0.09 0.05 1.04 
 0.07 0.03 1.00 
 0.08 0.02 1.00 
 0.08 0.04 0.99 
 0.11 0.02 0.98 
 0.08 0.02 1.00 
 0.16 0.01 1.02 
 0.03 0.04 0.89 
 0.07 0.00 1.03 
 0.04 0.05 1.03 
 0.05 0.00 0.99 
 0.03 0.02 1.00 
 0.01 0.00 0.99 
 0.01 0.00 0.98 
 0.03 0.03 0.99 
 0.00 0.02 0.99 
 0.04 0.03 0.97 
 0.03 0.02 1.00 
 0.03 0.03 1.00 
 0.02 0.00 1.04 
 0.02 0.00 1.00 
 0.04 0.01 1.02 
 0.03 0.00 1.01 
 0.01 0.03 0.98 
 0.02 0.06 0.94 
 0.00 0.05 0.97 
 0.01 0.03 1.01 
 0.01 0.03 1.04 
 0.01 0.02 1.02 
 0.02 0.01 1.02 
 0.03 0.00 0.97 
 0.05 0.01 1.02 
 0.01 0.01 0.93 
 0.01 0.05 1.00 
 0.02 0.02 0.95 
 0.04 0.03 1.02 
 0.02 0.00 0.97 
 0.06 0.00 0.98 
 0.06 0.02 0.96 
 0.07 0.00 1.02 
 0.05 0.02 0.98 
 0.02 0.01 1.03 
 0.03 0.03 1.01 
 0.00 0.02 1.01 
 0.05 0.00 0.95 
 0.05 0.06 0.94 
 0.04 0.03 0.97 
 0.05 0.00 0.98 
 0.00 0.04 1.01 
 0.03 0.06 0.97 
 0.01 0.01 1.00 
 0.05 0.03 0.98 
 0.07 0.00 1.07 
 0.10 0.05 1.03 
 0.07 0.01 1.00 
 0.03 0.03 1.02 
 0.13 0.05 1.02 
 0.07 0.01 0.98 
 0.09 0.03 1.04 
 0.08 0.08 1.01 
 0.09 0.03 1.06 
 0.12 0.08 0.97 
 0.12 0.00 0.97 
 0.15 0.01 0.95 
 0.10 0.03 0.97 
 0.10 0.01 0.98 
 0.09 0.05 0.97 
 0.12 0.00 1.05 
 0.10 0.01 1.04 
 0.04 0.09 1.09 
 0.09 0.01 1.08 
 0.11 0.00 1.06 
 0.07 0.04 1.07 
 0.01 0.02 1.01 
 0.03 0.06 0.95 
 0.09 0.00 0.90 
 0.20 0.02 0.94 
 0.06 0.03 1.01 
 0.05 0.04 0.98 
 0.11 0.04 1.00 
 0.06 0.04 1.17 
 0.17 0.10 1.05 
 0.11 0.03 1.15 
 0.04 0.08 1.04 
 0.08 0.02 1.09 
 0.10 0.03 0.97 
 0.07 0.03 0.94 
 0.09 0.03 0.86 
 0.09 0.00 1.03 
 0.12 0.05 0.97 
 0.12 0.02 1.08 
 0.11 0.06 1.05 
 0.13 0.03 1.04 
 0.12 0.05 1.04 
 0.11 0.01 1.01 
 0.08 0.01 1.02 
 0.11 0.01 0.98 
 0.10 0.00 1.00 
 0.10 0.04 1.04 
 0.11 0.05 1.00 
 0.12 0.02 1.12 
 0.14 0.03 1.07 
 0.11 0.02 1.03 
 0.11 0.01 0.81 
 0.14 0.03 1.02 
 0.07 0.10 0.92 
 0.08 0.00 0.98 
 0.12 0.05 1.02 
 0.17 0.03 0.93 
 0.18 0.02 1.12 
 0.09 0.13 0.99 
 0.10 0.00 1.04 
 0.11 0.04 1.05 
 0.17 0.06 1.00 
 0.11 0.07 1.05 
 0.11 0.08 0.99 
 0.15 0.04 1.04 
 0.13 0.00 0.97 
 0.14 0.02 1.05 
 0.12 0.02 0.94 
 0.14 0.01 0.91 
 0.05 0.00 1.06 
 0.13 0.15 0.96 
 0.13 0.05 1.12 
 0.16 0.07 0.85 
 0.07 0.07 1.07 
 0.14 0.00 0.86 
 0.20 0.06 1.05 
 0.19 0.04 0.95 
 0.19 0.04 1.01 
 0.18 0.03 0.89 
 0.21 0.02 1.09 
 0.20 0.00 1.00 
 0.23 0.02 1.00 
 0.22 0.05 1.03 
 0.21 0.06 1.08 
 0.21 0.04 0.98 
 0.25 0.07 1.08 
 0.23 0.06 0.91 
 0.15 0.06 1.04 
 0.17 0.10 0.88 
 0.23 0.01 1.10 
 0.21 0.11 1.05 
 0.20 0.04 0.95 
 0.19 0.05 1.05 
 0.26 0.07 0.98 
 0.23 0.02 0.99 
 0.21 0.04 0.87 
 0.23 0.00 1.05 
 0.22 0.04 1.00 
 0.26 0.01 1.14 
 0.21 0.06 1.03 
 0.22 0.11 1.11 
 0.25 0.09 1.00 
 0.20 0.05 1.06 
 0.23 0.12 1.01 
 0.21 0.05 1.13 
 0.20 0.14 0.99 
 0.24 0.03 1.08 
 0.20 0.26 0.88 
 0.23 0.00 1.00 
 0.24 0.15 0.86 
 0.25 0.04 1.02 
 0.28 0.09 0.93 
 0.28 0.07 1.08 
 0.26 0.09 1.03 
 0.23 0.08 1.12 
 0.24 0.14 0.98 
 0.26 0.08 1.07 
 0.26 0.07 1.06 
 0.26 0.05 1.08 
 0.20 0.01 1.11 
 0.24 0.05 0.97 
 0.21 0.06 1.00 
 0.26 0.09 0.96 
 0.22 0.07 0.97 
 0.24 0.06 0.87 
 0.26 0.02 0.92 
 0.25 0.02 0.91 
 0.26 0.02 0.74 
 0.21 0.02 0.94 
 0.25 0.07 0.80 
 0.25 0.06 0.90 
 0.22 0.06 0.94 
 0.27 0.12 0.95 
 0.23 0.07 0.98 
 0.25 0.13 1.01 
 0.24 0.11 1.04 
 0.27 0.12 1.09 
 0.28 0.14 1.09 
 0.26 0.09 1.15 
 0.25 0.15 1.16 
 0.25 0.11 1.09 
 0.24 0.09 1.00 
 0.23 0.08 0.94 
 0.24 0.06 0.98 
 0.25 0.08 0.97 
 0.22 0.10 1.02 
 0.24 0.10 1.01 
 0.22 0.09 1.05 
 0.22 0.07 1.04 
 0.19 0.04 1.03 
 0.19 0.01 1.00 
 0.16 0.03 0.98 
 0.16 0.01 0.99 
 0.17 0.02 1.00 
 0.15 0.02 0.99 
 0.15 0.04 0.99 
 0.16 0.02 1.00 
 0.15 0.03 1.05 
 0.13 0.05 1.05 
 0.10 0.07 1.05 
 0.09 0.06 1.04 
 0.06 0.07 1.08 
 0.04 0.07 1.04 
 0.05 0.08 0.99 
 0.01 0.09 1.01 
 0.02 0.10 1.01 
 0.02 0.09 1.00 
 0.01 0.12 0.98 
 0.02 0.08 0.96 
 0.01 0.08 0.94 
 0.04 0.05 0.92 
 0.04 0.00 0.96 
 0.05 0.00 0.95 
 0.08 0.01 0.99 
 0.07 0.00 0.97 
 0.07 0.04 1.03 
 0.07 0.03 1.03 
 0.06 0.00 1.04 
 0.09 0.02 1.04 
 0.07 0.01 1.03 
 0.09 0.00 1.05 
 0.08 0.00 1.02 
 0.03 0.04 1.07 
 0.02 0.00 1.01 
 0.05 0.00 1.04 
 0.04 0.00 1.05 
 0.02 0.00 1.02 
 0.04 0.00 1.01 
 0.00 0.01 0.99 
 0.01 0.02 0.99 
 0.00 0.02 0.96 
 0.02 0.04 1.00 
 0.02 0.03 0.98 
 0.00 0.02 1.01 
 0.00 0.00 0.96 
 0.02 0.01 0.94 
 0.06 0.01 0.97 
 0.03 0.03 1.00 
 0.02 0.03 0.99 
 0.03 0.04 1.02 
 0.03 0.03 1.00 
 0.01 0.06 0.96 
 0.04 0.07 0.98 
 0.05 0.06 1.01 
 0.02 0.04 0.99 
 0.06 0.03 1.00 
 0.04 0.05 1.02 
 0.03 0.01 0.98 
 0.05 0.05 1.00 
 0.05 0.02 0.97 
 0.06 0.00 1.02 
 0.07 0.00 1.01 
 0.09 0.03 1.00 
 0.08 0.00 1.05 
 0.11 0.04 0.97 
 0.09 0.00 1.00 
 0.08 0.04 0.97 
 0.05 0.00 0.96 
 0.05 0.05 0.91 
 0.08 0.04 0.99 
 0.09 0.04 0.97 
 0.03 0.03 0.95 
 0.05 0.02 0.99 
 0.04 0.03 0.99 
 0.02 0.04 1.00 
 0.07 0.03 1.00 
 0.06 0.01 0.99 
 0.03 0.02 0.97 
 0.04 0.02 0.94 
 0.04 0.01 0.99 
 0.06 0.07 0.94 
 0.12 0.06 0.97 
 0.11 0.10 1.00 
 0.08 0.07 1.06 
 0.07 0.07 1.05 
 0.11 0.06 1.08 
 0.09 0.08 1.02 
 0.07 0.04 1.01 
 0.09 0.02 0.98 
 0.07 0.03 0.96 
 0.08 0.02 1.02 
 0.09 0.04 1.00 
 0.07 0.04 1.02 
 0.07 0.03 0.99 
 0.07 0.02 1.01 
 0.06 0.00 0.99 
 0.06 0.03 0.97 
 0.07 0.00 0.99 
 0.06 0.01 0.99 
 0.08 0.01 1.05 
 0.10 0.07 1.07 
 0.11 0.03 1.05 
 0.06 0.02 1.05 
 0.07 0.02 1.00 
 0.07 0.00 1.01 
 0.12 0.00 0.96 
 0.15 0.00 0.97 
 0.12 0.03 0.92 
 0.11 0.02 1.00 
 0.07 0.05 0.99 
 0.13 0.02 1.02 
 0.14 0.06 1.04 
 0.11 0.03 1.03 
 0.09 0.00 1.02 
 0.12 0.00 1.10 
 0.09 0.02 1.01 
 0.13 0.00 1.07 
 0.09 0.02 1.01 
 0.10 0.03 0.97 
 0.10 0.00 1.00 
 0.13 0.01 1.04 
 0.14 0.09 0.96 
 0.11 0.02 0.98 
 0.10 0.04 1.02 
 0.10 0.04 0.98 
 0.12 0.01 1.04 
 0.13 0.02 1.00 
 0.12 0.03 1.01 
 0.11 0.00 1.01 
 0.07 0.01 1.01 
 0.12 0.00 1.06 
 0.12 0.05 0.98 
 0.11 0.00 1.10 
 0.11 0.04 1.01 
 0.11 0.00 1.06 
 0.13 0.01 1.04 
 0.13 0.02 1.08 
 0.14 0.01 0.95 
 0.08 0.01 1.01 
 0.11 0.00 1.02 
 0.14 0.01 1.02 
 0.12 0.00 1.05 
 0.11 0.02 1.01 
 0.10 0.04 1.12 
 0.09 0.01 0.99 
 0.09 0.01 1.00 
 0.12 0.03 0.97 
 0.08 0.00 0.96 
 0.11 0.02 0.94 
 0.13 0.09 0.92 
 0.10 0.00 0.96 
 0.12 0.00 1.00 
 0.10 0.01 1.02 
 0.12 0.02 1.00 
 0.09 0.02 0.99 
 0.09 0.04 1.03 
 0.10 0.03 0.97 
 0.10 0.01 1.07 
 0.11 0.05 0.95 
 0.11 0.03 1.04 
 0.12 0.03 0.97 
 0.10 0.03 1.04 
 0.15 0.02 0.96 
 0.12 0.05 1.01 
 0.09 0.00 0.96 
 0.12 0.00 0.99 
 0.10 0.02 0.95 
 0.13 0.03 0.97 
 0.14 0.06 1.03 
 0.15 0.01 0.93 
 0.11 0.02 0.93 
 0.14 0.11 1.02 
 0.14 0.06 0.91 
 0.14 0.06 0.97 
 0.13 0.10 1.00 
 0.15 0.05 0.98 
 0.17 0.06 0.99 
 0.17 0.05 0.97 
 0.18 0.02 0.94 
 0.19 0.01 0.94 
 0.20 0.02 0.95 
 0.16 0.03 0.98 
 0.21 0.06 1.02 
 0.18 0.00 0.98 
 0.18 0.08 1.04 
 0.15 0.06 0.99 
 0.21 0.10 0.98 
 0.17 0.10 1.06 
 0.20 0.06 0.97 
 0.24 0.09 1.00 
 0.23 0.10 1.01 
 0.20 0.08 1.02 
 0.19 0.09 1.04 
 0.20 0.07 1.05 
 0.21 0.04 1.00 
 0.18 0.08 0.97 
 0.20 0.03 0.99 
 0.21 0.03 0.99 
 0.20 0.01 1.00 
 0.17 0.02 0.94 
 0.21 0.05 1.01 
 0.19 0.00 0.97 
 0.19 0.02 1.01 
 0.20 0.02 1.01 
 0.19 0.03 1.01 
 0.16 0.00 0.96 
 0.21 0.04 1.00 
 0.20 0.00 1.00 
 0.17 0.04 1.00 
 0.15 0.04 1.03 
 0.13 0.04 1.02 
 0.14 0.03 1.02 
 0.12 0.02 1.03 
 0.17 0.07 1.01 
 0.15 0.04 0.95 
 0.12 0.09 0.97 
 0.12 0.02 0.97 
 0.12 0.03 1.01 
 0.10 0.06 0.96 
 0.14 0.05 1.01 
 0.16 0.02 0.99 
 0.14 0.07 1.01 
 0.12 0.04 0.95 
 0.15 0.06 1.00 
 0.14 0.05 0.98 
 0.15 0.06 1.00 
 0.15 0.07 0.97 
 0.15 0.06 1.05 
 0.13 0.04 1.00 
 0.15 0.04 1.06 
 0.13 0.03 1.02 
 0.13 0.02 1.04 
 0.17 0.03 1.00 
 0.13 0.05 1.00 
 0.10 0.05 1.05 
 0.14 0.04 1.04 
 0.14 0.06 1.06 
 0.11 0.03 1.05 
 0.12 0.01 0.98 
 0.16 0.05 1.08 
 0.16 0.03 1.05 
 0.14 0.04 0.99 
 0.16 0.06 1.01 
 0.17 0.00 1.01 
 0.17 0.03 0.99 
 0.17 0.07 1.06 
 0.16 0.06 0.99 
 0.16 0.05 1.06 
 0.17 0.00 1.06 
 0.15 0.02 1.04 
 0.15 0.02 0.95 
 0.19 0.02 0.99 
 0.16 0.00 0.98 
 0.18 0.04 1.04 
 0.16 0.02 0.97 
 0.18 0.02 1.01 
 0.17 0.00 1.02 
 0.15 0.01 1.01 
 0.13 0.01 1.06 
 0.15 0.03 1.03 
 0.13 0.02 1.07 
 0.14 0.02 1.04 
 0.14 0.06 1.06 
 0.17 0.00 0.95 
 0.13 0.02 1.00 
 0.12 0.03 0.99 
 0.18 0.02 1.02 
 0.14 0.03 1.04 
 0.13 0.05 1.11 
 0.16 0.07 1.15 
 0.15 0.03 1.21 
 0.19 0.01 1.20 
 0.19 0.03 1.11 
 0.13 0.02 0.95 
 0.09 0.08 0.95 
 0.22 0.08 0.83 
 0.10 0.03 0.84 
 0.08 0.00 0.78 
 0.10 0.04 0.82 
 0.06 0.01 0.80 
 0.09 0.02 0.80 
 0.05 0.05 0.94 
 0.09 0.03 0.91 
 0.07 0.06 1.02 
 0.11 0.03 1.03 
 0.13 0.02 0.97 
 0.14 0.05 1.07 
 0.12 0.04 1.02 
 0.15 0.09 1.10 
 0.19 0.03 1.00 
 0.17 0.01 1.05 
 0.16 0.01 1.05 
 0.18 0.03 1.00 
 0.18 0.01 1.08 
 0.15 0.04 1.06 
 0.17 0.01 1.07 
 0.15 0.02 1.03 
 0.18 0.01 0.99 
 0.13 0.04 0.93 
 0.14 0.03 1.02 
 0.17 0.01 0.98 
 0.15 0.05 1.07 
 0.15 0.06 1.03 
 0.16 0.09 1.26 
 0.12 0.09 1.22 
 0.13 0.14 1.18 
 0.05 0.05 1.00 
 0.08 0.03 0.78 
 0.09 0.04 0.82 
 0.12 0.04 0.82 
 0.12 0.06 0.85 
 0.12 0.00 0.88 
 0.11 0.00 0.83 
 0.08 0.01 0.93 
 0.13 0.02 1.01 
 0.19 0.04 1.03 
 0.21 0.01 1.11 
 0.17 0.00 1.09 
 0.12 0.04 1.12 
 0.16 0.03 1.13 
 0.14 0.00 1.11 
 0.11 0.00 1.11 
 0.16 0.01 0.94 
 0.17 0.04 1.01 
 0.11 0.05 0.96 
 0.12 0.00 1.06 
 0.09 0.07 1.02 
 0.11 0.01 1.02 
 0.11 0.00 1.03 
 0.13 0.02 1.01 
 0.10 0.00 1.01 
 0.16 0.05 0.91 
 0.10 0.07 0.99 
 0.13 0.08 0.92 
 0.13 0.01 0.98 
 0.10 0.09 0.92 
 0.12 0.11 1.00 
 0.11 0.06 0.96 
 0.14 0.04 0.99 
 0.11 0.04 1.08 
 0.16 0.09 1.00 
 0.13 0.04 0.98 
 0.14 0.02 1.03 
 0.13 0.00 1.05 
 0.15 0.01 1.03 
 0.15 0.00 1.03 
 0.12 0.04 0.98 
 0.14 0.00 0.99 
 0.12 0.03 0.97 
 0.12 0.00 0.99 
 0.10 0.06 0.90 
 0.12 0.03 0.91 
 0.13 0.00 0.98 
 0.15 0.09 0.98 
 0.15 0.01 0.97 
 0.18 0.15 0.98 
 0.15 0.00 0.98 
 0.15 0.05 0.98 
 0.15 0.07 0.96 
 0.19 0.03 1.01 
 0.18 0.05 1.00 
 0.17 0.01 0.90 
 0.20 0.05 0.95 
 0.19 0.05 0.99 
 0.16 0.02 0.99 
 0.22 0.04 1.00 
 0.16 0.03 0.94 
 0.13 0.01 0.98 
 0.19 0.00 0.95 
 0.13 0.03 0.96 
 0.16 0.05 1.02 
 0.13 0.02 1.02 
 0.15 0.04 1.05 
 0.12 0.08 0.86 
 0.11 0.09 0.93 
 0.16 0.03 0.95 
 0.13 0.02 1.00 
 0.19 0.00 0.99 
 0.08 0.00 0.93 
 0.12 0.01 0.94 
 0.15 0.02 0.93 
 0.11 0.01 0.91 
 0.15 0.03 0.95 
 0.10 0.01 1.00 
 0.15 0.01 0.96 
 0.17 0.03 0.99 
 0.14 0.02 0.95 
 0.18 0.00 0.96 
 0.14 0.03 1.04 
 0.17 0.01 1.04 
 0.13 0.05 1.04 
 0.20 0.12 1.04 
 0.20 0.00 0.99 
 0.12 0.04 0.95 
 0.17 0.00 1.02 
 0.17 0.09 1.06 
 0.22 0.08 0.94 
 0.23 0.05 0.96 
 0.16 0.08 0.99 
 0.20 0.03 1.02 
 0.18 0.09 1.04 
 0.20 0.05 0.99 
 0.22 0.06 1.03 
 0.17 0.06 1.02 
 0.16 0.08 0.83 
 0.14 0.19 1.11 
 0.23 0.01 0.96 
 0.21 0.16 1.15 
 0.20 0.12 0.99 
 0.14 0.11 1.15 
 0.22 0.00 0.90 
 0.17 0.05 1.04 
 0.17 0.13 1.01 
 0.19 0.11 0.98 
 0.18 0.16 1.02 
 0.16 0.13 0.92 
 0.15 0.19 1.03 
 0.20 0.13 0.90 
 0.13 0.22 1.09 
 0.23 0.12 0.98 
 0.19 0.13 1.04 
 0.16 0.12 0.97 
 0.16 0.15 1.06 
 0.15 0.07 1.06 
 0.18 0.06 1.01 
 0.14 0.20 1.10 
 0.18 0.13 1.00 
 0.16 0.16 1.12 
 0.16 0.13 0.93 
 0.15 0.15 1.07 
 0.16 0.09 0.97 
 0.15 0.18 1.10 
 0.13 0.07 0.99 
 0.15 0.17 1.06 
 0.16 0.12 1.00 
 0.16 0.12 1.01 
 0.10 0.16 0.91 
 0.18 0.16 0.94 
 0.13 0.10 0.87 
 0.19 0.18 0.99 
 0.13 0.10 1.00 
 0.15 0.14 1.07 
 0.14 0.16 1.01 
 0.13 0.17 1.02 
 0.18 0.18 1.02 
 0.17 0.15 1.01 
 0.15 0.10 1.02 
 0.15 0.19 0.95 
 0.14 0.15 1.05 
 0.20 0.08 0.99 
 0.16 0.14 0.99 
 0.18 0.09 1.00 
 0.19 0.10 1.00 
 0.15 0.11 1.01 
 0.17 0.08 1.02 
 0.19 0.12 1.02 
 0.17 0.01 0.95 
 0.12 0.08 1.05 
 0.21 0.00 0.97 
 0.17 0.04 1.03 
 0.16 0.10 0.88 
 0.18 0.05 1.02 
 0.12 0.05 1.05 
 0.19 0.05 1.06 
 0.16 0.01 1.02 
 0.19 0.02 1.02 
 0.20 0.04 0.99 
 0.17 0.00 0.93 
 0.18 0.01 1.04 
 0.17 0.00 0.98 
 0.16 0.08 0.98 
 0.20 0.02 1.05 
 0.26 0.01 1.03 
 0.22 0.07 0.89 
 0.21 0.05 0.97 
 0.22 0.04 1.01 
 0.24 0.05 0.95 
 0.20 0.05 0.99 
 0.19 0.06 1.04 
 0.18 0.06 1.04 
 0.13 0.07 0.95 
 0.19 0.10 1.04 
 0.19 0.08 1.02 
 0.20 0.07 0.99 
 0.20 0.10 0.98 
 0.18 0.08 1.03 
 0.22 0.07 1.05 
 0.21 0.09 1.04 
 0.19 0.15 1.03 
 0.20 0.17 1.04 
 0.18 0.06 1.04 
 0.18 0.13 0.98 
 0.16 0.10 1.02 
 0.17 0.12 1.02 
 0.11 0.11 0.98 
 0.10 0.09 1.00 
 0.11 0.16 1.01 
 0.10 0.09 1.03 
 0.10 0.09 1.01 
 0.12 0.13 1.02 
 0.11 0.16 1.04 
 0.10 0.12 1.04 
 0.11 0.13 0.95 
 0.10 0.12 0.98 
 0.11 0.15 1.00 
 0.11 0.13 0.99 
 0.11 0.14 1.00 
 0.11 0.15 0.98 
 0.13 0.14 0.99 
 0.12 0.13 0.96 
 0.13 0.15 1.00 
 0.10 0.16 1.02 
 0.14 0.16 1.00 
 0.14 0.16 0.97 
 0.13 0.15 0.98 
 0.13 0.18 0.95 
 0.09 0.22 0.97 
 0.11 0.21 0.96 
 0.12 0.21 0.98 
 0.14 0.21 0.98 
 0.14 0.19 0.97 
 0.14 0.21 0.96 
 0.12 0.23 0.98 
 0.15 0.17 0.99 
 0.14 0.20 0.96 
 0.18 0.22 0.97 
 0.15 0.21 1.02 
 0.14 0.22 0.96 
 0.16 0.20 1.01 
 0.17 0.19 0.92 
 0.16 0.21 0.95 
 0.14 0.18 1.01 
 0.14 0.23 1.00 
 0.17 0.21 1.02 
 0.14 0.26 1.02 
 0.16 0.24 1.03 
 0.17 0.24 1.05 
 0.16 0.24 0.98 
 0.14 0.19 0.91 
 0.18 0.20 0.93 
 0.16 0.25 0.90 
 0.16 0.22 0.92 
 0.18 0.21 0.93 
 0.16 0.23 0.94 
 0.14 0.20 0.96 
 0.16 0.28 0.97 
 0.14 0.22 0.97 
 0.13 0.25 1.02 
 0.12 0.26 0.98 
 0.10 0.21 0.94 
 0.13 0.21 0.95 
 0.18 0.20 0.97 
 0.17 0.22 0.97 
 0.20 0.24 1.02 
 0.16 0.26 0.97 
 0.13 0.22 0.95 
 0.19 0.21 0.95 
 0.17 0.23 1.04 
 0.14 0.20 1.00 
 0.16 0.22 1.04 
 0.19 0.27 1.03 
 0.17 0.26 1.02 
 0.16 0.24 0.99 
 0.20 0.30 0.98 
 0.16 0.25 0.97 
 0.17 0.23 0.87 
 0.19 0.26 0.95 
 0.17 0.22 0.91 
 0.13 0.22 0.94 
 0.16 0.22 0.97 
 0.14 0.25 1.04 
 0.16 0.26 1.00 
 0.15 0.26 1.04 
 0.13 0.23 1.03 
 0.13 0.28 1.03 
 0.14 0.23 1.04 
 0.17 0.22 1.07 
 0.16 0.20 0.95 
 0.14 0.19 1.00 
 0.19 0.20 0.94 
 0.16 0.18 0.99 
 0.15 0.24 1.00 
 0.13 0.26 0.99 
 0.14 0.28 0.99 
 0.14 0.29 0.93 
 0.15 0.29 0.94 
 0.13 0.29 0.92 
 0.16 0.26 0.96 
 0.20 0.26 0.93 
 0.20 0.26 0.93 
 0.18 0.26 1.03 
 0.18 0.24 1.05 
 0.21 0.23 1.09 
 0.17 0.22 1.01 
 0.17 0.19 0.99 
 0.17 0.24 0.97 
 0.12 0.22 0.90 
 0.12 0.21 0.93 
 0.12 0.20 0.94 
 0.17 0.18 0.96 
 0.17 0.18 1.04 
 0.17 0.17 1.01 
 0.16 0.19 1.03 
 0.14 0.19 0.99 
 0.14 0.18 0.97 
 0.13 0.17 0.93 
 0.17 0.19 0.92 
 0.16 0.14 0.94 
 0.14 0.12 0.96 
 0.14 0.16 0.96 
 0.13 0.13 0.99 
 0.13 0.14 1.02 
 0.13 0.17 1.03 
 0.11 0.13 1.02 
 0.11 0.11 1.04 
 0.12 0.09 0.95 
 0.10 0.10 0.97 
 0.12 0.08 1.00 
 0.10 0.13 0.99 
 0.09 0.10 0.99 
 0.09 0.10 1.00 
 0.09 0.12 1.01 
 0.08 0.12 1.00 
 0.08 0.10 1.03 
 0.08 0.12 1.03 
 0.09 0.13 1.05 
 0.11 0.10 1.03 
 0.11 0.12 1.04 
 0.07 0.09 1.02 
 0.09 0.11 1.01 
 0.10 0.10 0.99 
 0.09 0.05 1.02 
 0.05 0.09 0.99 
 0.08 0.08 1.00 
 0.09 0.09 0.98 
 0.09 0.10 1.01 
 0.09 0.05 1.02 
 0.08 0.07 1.04 
 0.09 0.07 1.00 
 0.12 0.05 1.05 
 0.09 0.03 1.05 
 0.10 0.02 1.04 
 0.10 0.02 1.03 
 0.08 0.00 1.04 
 0.10 0.03 1.03 
 0.10 0.06 1.04 
 0.05 0.05 1.04 
 0.05 0.04 1.04 
 0.08 0.05 0.95 
 0.00 0.04 0.95 
 0.00 0.06 1.02 
 0.00 0.03 0.98 
 0.04 0.06 1.00 
 0.04 0.03 1.06 
 0.06 0.06 1.02 
 0.06 0.01 0.96 
 0.01 0.03 1.00 
 0.00 0.01 0.97 
 0.00 0.04 0.97 
 0.00 0.03 0.97 
 0.03 0.00 1.01 
 0.03 0.05 0.97 
 0.07 0.00 0.99 
 0.03 0.02 0.99 
 0.04 0.03 1.04 
 0.02 0.01 1.06 
 0.03 0.03 1.00 
 0.03 0.01 1.06 
 0.05 0.04 1.06 
 0.00 0.00 1.06 
 0.03 0.07 1.06 
 0.01 0.02 1.01 
 0.00 0.00 0.94 
 0.02 0.03 1.01 
 0.02 0.00 0.93 
 0.01 0.00 0.99 
 0.02 0.03 0.99 
 0.02 0.00 0.98 
 0.01 0.02 0.96 
 0.01 0.02 0.95 
 0.00 0.04 1.01 
 0.00 0.02 0.99 
 0.02 0.01 1.01 
 0.03 0.01 1.04 
 0.01 0.03 1.01 
 0.02 0.01 1.01 
 0.01 0.01 1.01 
 0.00 0.01 1.01 
 0.00 0.03 1.05 
 0.01 0.00 0.98 
 0.00 0.04 0.97 
 0.00 0.01 0.95 
 0.00 0.03 0.96 
 0.01 0.01 1.00 
 0.00 0.03 1.02 
 0.02 0.06 1.02 
 0.02 0.02 1.06 
 0.01 0.07 1.03 
 0.01 0.06 0.96 
 0.02 0.01 0.99 
 0.02 0.03 1.01 
 0.00 0.04 0.98 
 0.01 0.00 0.98 
 0.02 0.01 1.03 
 0.00 0.05 1.01 
 0.02 0.04 0.97 
 0.02 0.00 1.00 
 0.00 0.03 0.98 
 0.03 0.04 1.06 
 0.01 0.07 0.98 
 0.01 0.07 1.03 
 0.02 0.04 1.02 
 0.00 0.06 1.02 
 0.01 0.07 1.01 
 0.01 0.06 0.96 
 0.03 0.05 1.00 
 0.02 0.05 1.00 
 0.00 0.09 1.02 
 0.01 0.10 0.99 
 0.00 0.06 0.94 
 0.02 0.10 1.06 
 0.00 0.10 1.05 
 0.02 0.06 1.00 
 0.03 0.08 1.04 
 0.01 0.09 1.00 
 0.00 0.11 0.97 
 0.00 0.10 0.95 
 0.00 0.08 0.99 
 0.00 0.15 1.01 
 0.00 0.09 0.96 
 0.02 0.09 0.97 
 0.02 0.08 1.04 
 0.01 0.13 1.09 
 0.00 0.07 0.93 
 0.02 0.05 0.99 
 0.02 0.14 1.06 
 0.00 0.13 1.02 
 0.02 0.07 0.98 
 0.00 0.17 0.98 
 0.03 0.12 0.96 
 0.02 0.06 0.92 
 0.00 0.14 1.07 
 0.03 0.14 0.98 
 0.02 0.12 0.91 
 0.03 0.15 1.01 
 0.00 0.17 1.02 
 0.01 0.14 1.03 
 0.01 0.15 0.98 
 0.00 0.15 1.05 
 0.01 0.07 0.97 
 0.01 0.16 1.13 
 0.03 0.12 0.91 
 0.01 0.13 1.04 
 0.00 0.12 1.04 
 0.09 0.11 0.94 
 0.09 0.11 0.93 
 0.06 0.11 0.99 
 0.03 0.14 0.93 
 0.09 0.12 0.99 
 0.07 0.10 1.00 
 0.00 0.05 1.04 
 0.06 0.05 0.84 
 0.04 0.06 1.11 
 0.03 0.01 1.06 
 0.02 0.14 1.03 
 0.00 0.08 0.99 
 0.01 0.05 1.00 
 0.01 0.06 0.97 
 0.00 0.09 0.97 
 0.02 0.09 1.00 
 0.02 0.10 1.07 
 0.05 0.16 0.97 
 0.04 0.08 1.06 
 0.00 0.13 0.95 
 0.00 0.08 1.08 
 0.01 0.00 1.05 
 0.06 0.05 1.07 
 0.04 0.08 1.06 
 0.01 0.06 1.06 
 0.01 0.03 1.05 
 0.03 0.07 1.00 
 0.01 0.03 1.01 
 0.04 0.04 0.98 
 0.01 0.01 1.00 
 0.00 0.05 1.00 
 0.01 0.03 0.99 
 0.00 0.04 1.02 
 0.02 0.00 1.05 
 0.01 0.04 1.02 
 0.02 0.07 1.01 
 0.00 0.11 0.97 
 0.05 0.06 0.94 
 0.04 0.05 0.98 
 0.01 0.05 0.98 
 0.01 0.05 1.08 
 0.00 0.04 1.02 
 0.02 0.06 1.06 
 0.03 0.02 1.01 
 0.01 0.02 1.03 
 0.01 0.09 1.05 
 0.00 0.08 1.01 
 0.02 0.04 0.99 
 0.02 0.00 1.05 
 0.00 0.06 1.05 
 0.01 0.07 0.94 
 0.00 0.00 0.94 
 0.00 0.09 1.02 
 0.00 0.08 0.99 
 0.01 0.07 0.95 
 0.00 0.03 1.04 
 0.00 0.11 1.09 
 0.03 0.01 0.95 
 0.03 0.07 1.01 
 0.00 0.06 1.05 
 0.01 0.00 0.96 
 0.00 0.04 1.00 
 0.01 0.10 0.99 
 0.03 0.03 1.01 
 0.01 0.08 1.04 
 0.06 0.04 0.97 
 0.03 0.09 1.02 
 0.03 0.05 1.02 
 0.03 0.09 1.08 
 0.03 0.08 0.97 
 0.03 0.06 1.10 
 0.02 0.00 1.00 
 0.05 0.08 0.94 
 0.00 0.11 0.94 
 0.01 0.10 0.97 
 0.05 0.14 0.97 
 0.04 0.10 0.93 
 0.00 0.11 1.06 
 0.06 0.09 1.02 
 0.02 0.15 0.97 
 0.02 0.12 1.05 
 0.07 0.13 0.99 
 0.04 0.10 1.03 
 0.02 0.05 0.93 
 0.02 0.12 1.03 
 0.06 0.06 0.91 
 0.05 0.11 1.01 
 0.10 0.06 0.89 
 0.06 0.08 0.99 
 0.06 0.02 1.05 
 0.04 0.09 1.04 
 0.08 0.07 1.06 
 0.03 0.06 1.03 
 0.00 0.09 1.02 
 0.03 0.11 1.01 
 0.00 0.10 0.98 
 0.00 0.13 1.02 
 0.01 0.06 0.98 
 0.02 0.11 1.07 
 0.02 0.08 1.07 
 0.00 0.13 1.00 
 0.00 0.14 1.03 
 0.02 0.14 1.04 
 0.01 0.09 1.01 
 0.02 0.12 1.00 
 0.00 0.13 1.05 
 0.01 0.12 1.00 
 0.00 0.13 0.99 
 0.02 0.14 1.05 
 0.01 0.10 1.03 
 0.01 0.08 1.05 
 0.00 0.08 1.04 
 0.01 0.07 1.07 
 0.00 0.08 1.02 
 0.03 0.06 1.06 
 0.01 0.06 1.02 
 0.05 0.10 0.97 
 0.04 0.06 0.98 
 0.08 0.05 1.00 
 0.08 0.08 1.02 
 0.09 0.11 1.04 
 0.08 0.06 1.02 
 0.07 0.10 1.05 
 0.05 0.10 1.07 
 0.02 0.13 1.06 
 0.06 0.13 1.07 
 0.04 0.15 1.07 
 0.03 0.12 1.01 
 0.03 0.10 1.01 
 0.02 0.07 0.95 
 0.01 0.09 0.90 
 0.00 0.09 0.87 
 0.04 0.05 0.97 
 0.07 0.07 1.07 
 0.05 0.09 1.08 
 0.07 0.02 1.14 
 0.05 0.06 1.17 
 0.03 0.05 1.09 
 0.03 0.07 1.09 
 0.03 0.08 1.00 
 0.00 0.11 1.04 
 0.00 0.07 1.04 
 0.02 0.12 1.00 
 0.07 0.05 0.92 
 0.05 0.09 0.97 
 0.07 0.06 0.90 
 0.07 0.11 1.02 
 0.07 0.02 0.93 
 0.04 0.06 1.05 
 0.02 0.07 1.06 
 0.04 0.10 1.11 
 0.05 0.05 1.10 
 0.07 0.06 1.02 
 0.07 0.06 1.11 
 0.04 0.06 1.01 
 0.02 0.10 1.14 
 0.04 0.02 1.04 
 0.01 0.04 1.01 
 0.05 0.03 0.98 
 0.09 0.00 1.01 
 0.07 0.05 0.94 
 0.02 0.03 0.96 
 0.00 0.06 0.94 
 0.03 0.03 0.98 
 0.02 0.00 0.98 
 0.01 0.01 1.00 
 0.08 0.01 1.04 
 0.05 0.00 1.03 
 0.03 0.03 0.99 
 0.01 0.02 1.06 
 0.06 0.10 1.03 
 0.07 0.00 0.96 
 0.06 0.00 0.99 
 0.01 0.04 0.96 
 0.02 0.01 0.97 
 0.02 0.01 0.94 
 0.05 0.00 1.01 
 0.02 0.04 0.94 
 0.05 0.01 0.98 
 0.01 0.01 1.01 
 0.04 0.01 0.99 
 0.06 0.00 1.08 
 0.02 0.04 0.98 
 0.01 0.03 0.95 
 0.04 0.01 0.99 
 0.05 0.05 1.00 
 0.02 0.02 0.97 
 0.01 0.03 1.03 
 0.04 0.05 1.01 
 0.03 0.04 1.01 
 0.05 0.00 1.01 
 0.02 0.05 0.92 
 0.00 0.03 0.94 
 0.03 0.04 0.90 
 0.01 0.04 1.01 
 0.01 0.09 0.97 
 0.00 0.04 1.03 
 0.05 0.08 1.05 
 0.03 0.04 1.06 
 0.01 0.05 1.04 
 0.03 0.06 1.03 
 0.01 0.00 1.05 
 0.03 0.01 1.00 
 0.00 0.02 1.02 
 0.01 0.00 1.07 
 0.03 0.09 1.00 
 0.01 0.05 1.04 
 0.02 0.02 1.02 
 0.03 0.01 1.01 
 0.00 0.00 0.99 
 0.03 0.00 1.01 
 0.00 0.02 0.97 
 0.02 0.01 0.97 
 0.02 0.06 0.98 
 0.04 0.04 1.04 
 0.02 0.01 1.04 
 0.02 0.00 1.10 
 0.00 0.03 1.01 
 0.00 0.01 1.05 
 0.00 0.00 1.01 
 0.01 0.01 0.98 
 0.00 0.01 0.95 
 0.02 0.01 0.99 
 0.04 0.07 0.99 
 0.05 0.03 1.02 
 0.00 0.00 0.96 
 0.04 0.03 0.99 
 0.02 0.02 0.99 
 0.02 0.11 1.03 
 0.04 0.04 0.99 
 0.00 0.03 1.07 
 0.04 0.06 0.96 
 0.04 0.02 1.12 
 0.03 0.08 1.08 
 0.08 0.00 1.05 
 0.00 0.02 0.99 
 0.00 0.08 1.00 
 0.00 0.00 1.09 
 0.08 0.00 1.09 
 0.01 0.07 0.96 
 0.01 0.07 1.04 
 0.03 0.00 1.01 
 0.01 0.01 0.93 
 0.01 0.02 1.00 
 0.02 0.03 1.00 
 0.10 0.01 0.94 
 0.03 0.03 1.05 
 0.03 0.06 1.01 
 0.05 0.05 1.07 
 0.06 0.03 0.93 
 0.03 0.04 0.98 
 0.02 0.00 1.00 
 0.07 0.02 0.94 
 0.04 0.02 0.90 
 0.05 0.05 1.04 
 0.04 0.01 1.03 
 0.05 0.04 0.97 
 0.01 0.00 1.07 
 0.02 0.07 0.98 
 0.03 0.06 0.98 
 0.02 0.01 1.02 
 0.03 0.01 0.99 
 0.06 0.03 1.04 
 0.08 0.01 1.07 
 0.08 0.00 1.04 
 0.05 0.00 0.99 
 0.05 0.04 1.00 
 0.07 0.02 1.00 
 0.02 0.02 1.03 
 0.05 0.01 1.01 
 0.07 0.02 1.09 
 0.08 0.03 1.06 
 0.06 0.02 0.96 
 0.09 0.06 0.97 
 0.06 0.00 0.93 
 0.06 0.06 1.02 
 0.08 0.02 1.00 
 0.07 0.02 1.02 
 0.08 0.01 1.00 
 0.08 0.01 0.95 
 0.05 0.01 0.91 
 0.08 0.01 1.01 
 0.03 0.03 0.96 
 0.11 0.00 0.99 
 0.11 0.06 0.97 
 0.12 0.02 1.03 
 0.08 0.01 1.02 
 0.08 0.01 1.01 
 0.11 0.01 0.99 
 0.12 0.01 1.05 
 0.10 0.02 1.02 
 0.09 0.08 1.04 
 0.12 0.03 1.05 
 0.13 0.04 1.01 
 0.08 0.04 1.07 
 0.10 0.01 1.04 
 0.10 0.00 1.05 
 0.11 0.07 1.04 
 0.09 0.01 0.99 
 0.04 0.04 0.99 
 0.11 0.01 0.96 
 0.09 0.06 0.92 
 0.14 0.04 0.94 
 0.12 0.00 0.96 
 0.10 0.02 1.01 
 0.09 0.00 0.92 
 0.10 0.02 1.01 
 0.13 0.01 1.02 
 0.12 0.03 1.04 
 0.10 0.02 1.02 
 0.10 0.00 1.04 
 0.13 0.00 0.95 
 0.09 0.08 1.00 
 0.05 0.00 0.98 
 0.09 0.03 1.04 
 0.08 0.02 1.03 
 0.09 0.00 1.13 
 0.10 0.01 0.97 
 0.12 0.03 1.02 
 0.10 0.04 0.90 
 0.11 0.06 1.08 
 0.08 0.00 0.97 
 0.11 0.03 1.06 
 0.08 0.04 0.96 
 0.08 0.03 1.05 
 0.09 0.02 0.98 
 0.10 0.05 1.05 
 0.12 0.03 1.00 
 0.08 0.00 1.06 
 0.10 0.05 0.97 
 0.12 0.05 1.01 
 0.10 0.00 1.02 
 0.10 0.02 1.01 
 0.10 0.04 1.02 
 0.11 0.01 1.04 
 0.10 0.09 0.98 
 0.12 0.07 1.02 
 0.08 0.03 0.97 
 0.09 0.04 1.01 
 0.07 0.00 0.95 
 0.11 0.00 0.98 
 0.08 0.02 0.96 
 0.08 0.00 0.94 
 0.09 0.00 0.98 
 0.07 0.01 1.00 
 0.09 0.00 1.02 
 0.11 0.09 1.00 
 0.08 0.02 0.92 
 0.12 0.07 1.06 
 0.10 0.03 0.92 
 0.11 0.01 0.98 
 0.09 0.04 0.91 
 0.09 0.08 1.02 
 0.14 0.03 0.99 
 0.10 0.02 1.06 
 0.11 0.02 1.04 
 0.09 0.04 1.03 
 0.08 0.10 1.02 
 0.06 0.05 0.98 
 0.05 0.07 0.93 
 0.05 0.03 1.00 
 0.09 0.09 0.92 
 0.11 0.02 1.08 
 0.09 0.08 0.95 
 0.08 0.03 1.12 
 0.02 0.03 0.96 
 0.07 0.00 1.09 
 0.05 0.03 0.95 
 0.07 0.09 1.06 
 0.02 0.05 0.88 
 0.10 0.04 1.07 
 0.12 0.04 0.92 
 0.06 0.02 0.97 
 0.06 0.01 0.97 
 0.06 0.08 0.94 
 0.07 0.00 0.99 
 0.05 0.08 1.02 
 0.09 0.06 1.02 
 0.07 0.09 0.98 
 0.12 0.02 1.07 
 0.01 0.10 0.88 
 0.12 0.03 0.89 
 0.12 0.08 0.98 
 0.11 0.05 0.97 
 0.08 0.10 1.04 
 0.08 0.13 0.88 
 0.05 0.01 1.01 
 0.08 0.13 0.99 
 0.12 0.10 0.92 
 0.08 0.05 0.98 
 0.07 0.08 0.91 
 0.08 0.01 1.00 
 0.10 0.11 0.97 
 0.09 0.09 0.94 
 0.09 0.06 1.00 
 0.07 0.08 1.01 
 0.09 0.06 1.00 
 0.12 0.07 0.98 
 0.10 0.04 0.97 
 0.11 0.04 0.99 
 0.07 0.06 1.03 
 0.10 0.05 1.01 
 0.09 0.10 1.00 
 0.10 0.09 0.99 
 0.11 0.06 1.03 
 0.11 0.11 0.95 
 0.12 0.07 1.02 
 0.11 0.11 1.04 
 0.11 0.16 1.01 
 0.11 0.05 0.99 
 0.09 0.08 1.07 
 0.07 0.06 1.02 
 0.08 0.03 1.04 
 0.11 0.07 0.99 
 0.12 0.06 1.05 
 0.09 0.17 0.97 
 0.10 0.17 0.93 
 0.09 0.14 1.05 
 0.10 0.16 1.02 
 0.14 0.10 1.05 
 0.12 0.24 0.97 
 0.11 0.09 1.05 
 0.11 0.18 0.94 
 0.08 0.08 1.03 
 0.10 0.09 1.01 
 0.11 0.10 1.04 
 0.12 0.08 1.01 
 0.11 0.13 1.04 
 0.09 0.08 0.88 
 0.14 0.17 0.91 
 0.08 0.21 0.96 
 0.06 0.11 1.00 
 0.04 0.08 1.02 
 0.11 0.10 1.04 
 0.10 0.17 0.98 
 0.11 0.11 1.01 
 0.09 0.12 1.05 
 0.11 0.11 1.01 
 0.11 0.13 1.02 
 0.09 0.10 1.00 
 0.08 0.06 1.02 
 0.05 0.10 1.01 
 0.06 0.16 0.90 
 0.10 0.12 1.09 
 0.11 0.15 0.98 
 0.08 0.17 1.06 
 0.11 0.20 0.94 
 0.08 0.15 1.08 
 0.07 0.15 0.99 
 0.09 0.07 1.09 
 0.08 0.14 0.96 
 0.09 0.06 1.03 
 0.10 0.15 1.01 
 0.14 0.11 1.00 
 0.12 0.19 0.97 
 0.10 0.18 0.94 
 0.09 0.10 0.98 
 0.12 0.06 0.99 
 0.12 0.14 0.98 
 0.07 0.17 0.93 
 0.09 0.10 1.01 
 0.09 0.09 1.01 
 0.11 0.08 1.08 
 0.10 0.21 0.96 
 0.12 0.16 0.94 
 0.11 0.09 1.08 
 0.10 0.14 0.99 
 0.11 0.11 1.04 
 0.10 0.12 0.93 
 0.16 0.10 1.11 
 0.11 0.14 0.99 
 0.14 0.12 1.05 
 0.11 0.09 0.90 
 0.11 0.06 1.00 
 0.13 0.12 0.94 
 0.17 0.18 0.95 
 0.12 0.14 1.01 
 0.15 0.10 1.03 
 0.17 0.03 1.04 
 0.15 0.13 0.95 
 0.15 0.12 1.06 
 0.04 0.01 0.92 
 0.11 0.04 0.95 
 0.13 0.10 1.01 
 0.19 0.16 0.98 
 0.13 0.00 0.96 
 0.15 0.09 0.84 
 0.20 0.03 0.95 
 0.18 0.06 0.93 
 0.21 0.05 0.95 
 0.17 0.05 0.93 
 0.19 0.07 1.06 
 0.20 0.14 1.01 
 0.18 0.05 1.05 
 0.20 0.12 0.97 
 0.20 0.06 1.03 
 0.20 0.13 0.95 
 0.21 0.07 1.09 
 0.25 0.07 1.05 
 0.19 0.12 1.00 
 0.11 0.05 0.88 
 0.26 0.16 1.04 
 0.21 0.09 0.80 
 0.23 0.01 0.98 
 0.14 0.00 0.94 
 0.18 0.09 1.02 
 0.20 0.06 1.00 
 0.23 0.08 1.06 
 0.21 0.13 1.01 
 0.18 0.06 1.07 
 0.20 0.10 0.92 
 0.24 0.05 0.98 
 0.26 0.08 0.97 
 0.20 0.06 0.99 
 0.25 0.03 1.04 
 0.26 0.06 0.89 
 0.23 0.17 0.90 
 0.26 0.04 1.04 
 0.26 0.06 0.93 
 0.26 0.01 1.10 
 0.23 0.03 0.75 
 0.26 0.08 0.88 
 0.26 0.04 0.97 
 0.21 0.05 1.04 
 0.23 0.02 0.99 
 0.22 0.02 0.97 
 0.18 0.05 0.95 
 0.21 0.03 0.98 
 0.16 0.04 0.98 
 0.19 0.05 1.00 
 0.21 0.00 1.09 
 0.23 0.04 1.09 
 0.35 0.10 0.95 
 0.19 0.05 1.13 
 0.02 0.06 0.82 
 0.22 0.09 1.06 
 0.19 0.06 1.02 
 0.19 0.05 0.88 
 0.20 0.01 0.99 
 0.13 0.01 1.04 
 0.05 0.00 0.97 
 0.23 0.02 1.08 
 0.19 0.00 1.07 
 0.22 0.02 1.01 
 0.20 0.04 1.01 
 0.19 0.01 0.96 
 0.22 0.03 1.05 
 0.27 0.02 1.05 
 0.24 0.00 1.10 
 0.26 0.00 0.98 
 0.25 0.04 1.12 
 0.18 0.02 1.07 
 0.20 0.02 0.99 
 0.33 0.15 1.23 
 0.28 0.16 1.16 
 0.25 0.06 1.03 
 0.20 0.08 1.05 
 0.20 0.03 1.03 
 0.16 0.10 0.97 
 0.15 0.01 0.86 
 0.16 0.01 1.00 
 0.21 0.06 0.98 
 0.19 0.00 1.10 
 0.16 0.03 1.01 
 0.15 0.01 1.05 
 0.16 0.04 1.04 
 0.17 0.04 1.03 
 0.19 0.01 1.05 
 0.16 0.00 0.97 
 0.19 0.02 0.88 
 0.19 0.07 1.00 
 0.20 0.06 0.96 
 0.17 0.02 1.07 
 0.18 0.04 0.91 
 0.14 0.01 1.06 
 0.19 0.02 0.99 
 0.19 0.05 1.08 
 0.17 0.00 0.91 
 0.18 0.02 1.00 
 0.19 0.03 0.95 
 0.26 0.01 1.02 
 0.23 0.00 1.00 
 0.15 0.00 1.04 
 0.19 0.02 1.01 
 0.22 0.03 1.02 
 0.20 0.02 1.01 
 0.18 0.01 1.02 
 0.16 0.02 1.01 
 0.16 0.00 1.00 
 0.20 0.03 0.98 
 0.18 0.00 0.96 
 0.20 0.00 1.01 
 0.19 0.00 1.03 
 0.17 0.00 1.04 
 0.16 0.06 0.87 
 0.15 0.03 0.93 
 0.17 0.02 1.04 
 0.16 0.01 1.05 
 0.20 0.04 1.09 
 0.16 0.01 1.01 
 0.16 0.01 1.01 
 0.23 0.04 1.03 
 0.15 0.05 1.05 
 0.22 0.05 1.01 
 0.20 0.01 0.94 
 0.21 0.03 0.92 
 0.22 0.00 0.92 
 0.24 0.08 1.00 
 0.27 0.01 0.97 
 0.26 0.05 1.07 
 0.25 0.02 0.98 
 0.28 0.02 0.99 
 0.25 0.05 1.00 
 0.23 0.04 1.02 
 0.22 0.00 0.99 
 0.24 0.00 0.98 
 0.22 0.01 0.93 
 0.22 0.01 0.99 
 0.21 0.00 1.00 
 0.20 0.01 1.01 
 0.22 0.03 0.99 
 0.21 0.01 0.95 
 0.22 0.01 1.02 
 0.26 0.03 1.02 
 0.24 0.01 0.99 
 0.26 0.02 0.98 
 0.21 0.01 0.97 
 0.24 0.02 1.02 
 0.26 0.04 1.00 
 0.22 0.00 0.95 
 0.23 0.00 1.01 
 0.25 0.07 0.99 
 0.25 0.01 0.93 
 0.23 0.00 0.99 
 0.25 0.02 1.02 
 0.26 0.02 0.99 
 0.24 0.01 1.01 
 0.26 0.03 1.02 
 0.28 0.01 1.02 
 0.25 0.00 0.99 
 0.27 0.04 1.02 
 0.31 0.03 1.01 
 0.22 0.00 1.03 
 0.23 0.06 0.97 
 0.27 0.04 0.95 
 0.18 0.01 1.01 
 0.17 0.06 1.00 
 0.12 0.01 0.97 
 0.15 0.03 0.97 
 0.16 0.01 0.97 
 0.13 0.01 1.05 
 0.15 0.04 1.04 
 0.17 0.01 1.03 
 0.19 0.04 1.01 
 0.16 0.02 1.02 
 0.17 0.01 1.08 
 0.14 0.09 1.05 
 0.12 0.02 0.94 
 0.14 0.04 1.01 
 0.16 0.02 0.97 
 0.13 0.00 0.97 
 0.16 0.05 0.97 
 0.15 0.01 0.94 
 0.05 0.00 1.07 
 0.05 0.00 1.09 
 0.01 0.03 1.01 
 0.01 0.00 1.06 
 0.03 0.00 1.03 
 0.04 0.02 1.03 
 0.06 0.04 1.01 
 0.02 0.01 0.97 
 0.03 0.02 1.02 
 0.04 0.04 0.99 
 0.04 0.00 1.04 
 0.04 0.03 1.01 
 0.03 0.03 0.97 
 0.05 0.05 1.01 
 0.02 0.03 0.98 
 0.02 0.02 1.00 
 0.03 0.03 0.99 
 0.06 0.01 0.99 
 0.03 0.05 1.02 
 0.01 0.00 1.04 
 0.01 0.01 1.03 
 0.00 0.00 1.01 
 0.01 0.00 1.02 
 0.00 0.00 1.02 
 0.00 0.00 1.01 
 0.03 0.03 1.03 
 0.04 0.02 1.10 
 0.03 0.02 1.13 
 0.06 0.01 1.18 
 0.03 0.02 1.13 
 0.01 0.01 1.04 
 0.01 0.02 0.91 
 0.00 0.00 0.80 
 0.00 0.01 0.72 
 0.01 0.01 0.77 
 0.03 0.03 0.85 
 0.01 0.07 1.06 
 0.00 0.00 1.03 
 0.00 0.03 1.13 
 0.01 0.00 1.13 
 0.01 0.00 1.12 
 0.01 0.02 1.11 
 0.00 0.00 1.13 
 0.01 0.00 1.06 
 0.03 0.01 1.08 
 0.01 0.00 1.00 
 0.03 0.01 0.97 
 0.02 0.01 0.97 
 0.01 0.00 1.01 
 0.04 0.01 0.99 
 0.00 0.00 1.02 
 0.00 0.00 1.03 
 0.01 0.01 1.02 
 0.01 0.01 1.02 
 0.02 0.02 1.03 
 0.02 0.00 1.01 
 0.02 0.01 1.02 
 0.00 0.00 0.99 
 0.01 0.01 0.98 
 0.03 0.02 1.00 
 0.01 0.02 0.95 
 0.01 0.02 0.98 
 0.01 0.02 0.94 
 0.01 0.01 1.01 
 0.03 0.03 1.02 
 0.02 0.03 1.00 
 0.04 0.03 0.97 
 0.02 0.04 1.01 
 0.03 0.02 1.01 
 0.02 0.02 1.04 
 0.05 0.03 1.01 
 0.23 0.04 1.06 
 0.16 0.10 1.31 
 0.26 0.07 1.32 
 0.02 0.47 0.94 
 0.05 0.15 0.73 
 0.05 0.00 0.77 
 0.07 0.23 1.06 
 0.00 0.03 0.79 
 0.02 0.10 1.11 
 0.04 0.04 1.00 
 0.05 0.06 1.03 
 0.05 0.02 1.05 
 0.07 0.02 1.05 
 0.03 0.02 1.00 
 0.07 0.00 1.00 
 0.00 0.01 0.90 
 0.00 0.04 0.89 
 0.02 0.03 0.93 
 0.03 0.02 1.02 
 0.03 0.02 0.99 
 0.00 0.01 0.98 
 0.04 0.02 0.96 
 0.03 0.03 1.02 
 0.04 0.05 0.95 
 0.05 0.01 1.03 
 0.03 0.03 1.02 
 0.03 0.01 1.04 
 0.02 0.03 1.07 
 0.06 0.05 1.02 
 0.03 0.05 1.04 
 0.05 0.03 1.03 
 0.06 0.02 1.04 
 0.03 0.00 1.01 
 0.07 0.01 0.97 
 0.02 0.02 0.97 
 0.05 0.00 0.90 
 0.00 0.02 1.05 
 0.07 0.08 0.98 
 0.09 0.02 1.00 
 0.01 0.00 1.02 
 0.04 0.00 0.95 
 0.04 0.03 1.00 
 0.04 0.01 0.98 
 0.06 0.02 1.02 
 0.05 0.01 1.06 
 0.08 0.01 1.00 
 0.06 0.00 1.03 
 0.07 0.04 0.97 
 0.07 0.01 1.03 
 0.14 0.01 0.96 
 0.13 0.02 0.99 
 0.13 0.01 0.91 
 0.17 0.01 1.03 
 0.06 0.08 1.01 
 0.07 0.01 1.07 
 0.04 0.03 1.06 
 0.12 0.03 1.01 
 0.10 0.03 1.01 
 0.10 0.05 1.01 
 0.03 0.03 1.03 
 0.00 0.05 1.03 
 0.04 0.05 1.01 
 0.02 0.00 1.06 
 0.09 0.01 1.00 
 0.08 0.05 1.05 
 0.13 0.01 1.01 
 0.11 0.06 1.00 
 0.05 0.02 1.04 
 0.09 0.01 1.00 
 0.01 0.00 1.01 
 0.06 0.07 1.01 
 0.05 0.00 1.07 
 0.05 0.04 1.03 
 0.04 0.00 1.03 
 0.08 0.01 1.00 
 0.06 0.03 1.02 
 0.07 0.04 1.04 
 0.04 0.01 1.07 
 0.02 0.02 1.03 
 0.08 0.03 1.01 
 0.07 0.01 1.10 
 0.08 0.01 1.03 
 0.08 0.00 1.00 
 0.08 0.00 0.99 
 0.06 0.00 1.02 
 0.07 0.01 1.03 
 0.07 0.03 1.05 
 0.04 0.02 1.02 
 0.06 0.01 0.98 
 0.07 0.02 0.98 
 0.05 0.01 1.01 
 0.06 0.01 1.01 
 0.07 0.00 1.00 
 0.09 0.02 0.99 
 0.07 0.02 1.01 
 0.10 0.04 1.02 
 0.07 0.03 1.05 
 0.07 0.06 1.05 
 0.08 0.04 1.03 
 0.08 0.04 1.04 
 0.07 0.08 1.04 
 0.07 0.05 1.04 
 0.09 0.04 1.04 
 0.06 0.01 1.00 
 0.06 0.04 1.00 
 0.02 0.03 0.97 
 0.03 0.06 1.00 
 0.06 0.04 0.98 
 0.08 0.00 0.94 
 0.06 0.03 0.96 
 0.01 0.01 0.96 
 0.01 0.02 0.96 
 0.02 0.03 0.98 
 0.06 0.02 1.01 
 0.09 0.02 1.00 
 0.06 0.05 0.96 
 0.03 0.01 0.96 
 0.05 0.00 0.98 
 0.06 0.01 1.02 
 0.08 0.01 1.02 
 0.08 0.00 1.02 
 0.06 0.03 1.01 
 0.09 0.02 1.01 
 0.08 0.02 0.99 
 0.08 0.02 1.01 
 0.08 0.03 1.00 
 0.09 0.03 1.02 
 0.08 0.03 1.01 
 0.08 0.03 0.97 
 0.10 0.00 0.99 
 0.11 0.00 0.98 
 0.14 0.01 1.00 
 0.13 0.03 1.00 
 0.11 0.04 1.07 
 0.12 0.00 0.98 
 0.13 0.03 1.04 
 0.14 0.03 1.00 
 0.13 0.02 1.01 
 0.14 0.02 0.98 
 0.10 0.02 1.04 
 0.11 0.00 0.99 
 0.12 0.01 0.99 
 0.11 0.00 0.94 
 0.12 0.01 1.01 
 0.11 0.00 1.01 
 0.12 0.00 1.02 
 0.11 0.01 0.97 
 0.11 0.00 0.98 
 0.14 0.03 0.97 
 0.12 0.01 1.03 
 0.12 0.04 0.98 
 0.13 0.01 1.01 
 0.13 0.02 1.02 
 0.13 0.00 1.03 
 0.11 0.00 1.03 
 0.10 0.00 0.99 
 0.10 0.03 1.03 
 0.13 0.01 0.98 
 0.13 0.03 1.02 
 0.12 0.00 1.00 
 0.10 0.00 1.02 
 0.20 0.01 1.03 
 0.17 0.02 1.04 
 0.15 0.00 1.08 
 0.12 0.02 0.98 
 0.13 0.00 1.01 
 0.13 0.02 0.99 
 0.13 0.01 0.96 
 0.13 0.01 1.00 
 0.15 0.01 0.97 
 0.13 0.03 1.00 
 0.15 0.00 1.01 
 0.12 0.01 0.98 
 0.14 0.03 1.01 
 0.14 0.03 0.95 
 0.15 0.03 0.98 
 0.16 0.02 0.95 
 0.18 0.01 0.98 
 0.18 0.00 0.99 
 0.19 0.01 1.03 
 0.20 0.00 0.98 
 0.21 0.01 1.02 
 0.20 0.00 0.98 
 0.21 0.02 1.00 
 0.20 0.00 1.00 
 0.19 0.01 0.98 
 0.18 0.06 1.03 
 0.20 0.09 1.02 
 0.19 0.04 1.01 
 0.18 0.02 0.98 
 0.17 0.03 0.99 
 0.18 0.07 0.98 
 0.24 0.03 1.00 
 0.19 0.02 1.01 
 0.24 0.07 1.03 
 0.25 0.04 0.97 
 0.11 0.00 1.02 
 0.20 0.04 0.99 
 0.15 0.03 1.01 
 0.18 0.04 1.05 
 0.16 0.01 0.90 
 0.18 0.04 1.03 
 0.12 0.01 0.98 
 0.15 0.08 0.97 
 0.25 0.00 1.02 
 0.15 0.01 1.01 
 0.18 0.07 1.00 
 0.15 0.01 0.96 
 0.16 0.03 1.02 
 0.21 0.06 1.00 
 0.15 0.00 0.99 
 0.16 0.01 1.06 
 0.17 0.02 1.06 
 0.14 0.01 0.99 
 0.17 0.02 1.02 
 0.19 0.04 1.01 
 0.20 0.00 0.98 
 0.22 0.07 0.99 
 0.16 0.02 0.98 
 0.19 0.00 1.02 
 0.23 0.02 1.03 
 0.22 0.01 0.99 
 0.23 0.04 1.01 
 0.21 0.01 1.01 
 0.21 0.00 1.02 
 0.21 0.06 0.99 
 0.21 0.00 0.95 
 0.20 0.01 1.00 
 0.21 0.00 0.98 
 0.19 0.00 0.98 
 0.20 0.03 0.98 
 0.23 0.01 0.99 
 0.22 0.01 1.00 
 0.22 0.05 0.99 
 0.22 0.01 0.95 
 0.22 0.02 1.00 
 0.25 0.02 0.98 
 0.28 0.01 0.95 
 0.23 0.00 1.01 
 0.24 0.04 1.03 
 0.26 0.01 1.02 
 0.22 0.00 0.98 
 0.26 0.03 1.03 
 0.28 0.02 1.01 
 0.23 0.01 0.96 
 0.25 0.04 1.03 
 0.26 0.00 1.00 
 0.21 0.01 1.00 
 0.23 0.04 1.02 
 0.23 0.00 0.98 
 0.20 0.01 1.03 
 0.21 0.01 1.02 
 0.17 0.00 1.00 
 0.19 0.06 0.98 
 0.17 0.00 0.97 
 0.22 0.02 1.04 
 0.22 0.00 1.03 
 0.19 0.03 0.98 
 0.25 0.05 1.00 
 0.20 0.04 0.98 
 0.16 0.04 1.05 
 0.09 0.05 0.99 
 0.01 0.01 0.99 
 0.04 0.01 1.08 
 0.02 0.04 1.03 
 0.04 0.00 0.94 
 0.13 0.05 0.98 
 0.14 0.00 0.95 
 0.12 0.00 1.03 
 0.06 0.02 1.02 
 0.00 0.01 1.02 
 0.00 0.01 1.03 
 0.02 0.01 0.99 
 0.07 0.00 1.01 
 0.10 0.02 0.95 
 0.11 0.01 1.01 
 0.08 0.04 0.99 
 0.03 0.00 1.00 
 0.05 0.02 1.02 
 0.04 0.01 1.00 
 0.07 0.02 1.03 
 0.08 0.01 0.98 
 0.11 0.00 1.04 
 0.11 0.04 1.02 
 0.06 0.00 1.00 
 0.06 0.04 1.04 
 0.04 0.00 1.00 
 0.06 0.00 1.04 
 0.08 0.04 1.01 
 0.09 0.00 1.04 
 0.10 0.04 1.00 
 0.06 0.00 0.96 
 0.05 0.03 1.03 
 0.04 0.00 0.99 
 0.05 0.00 1.07 
 0.06 0.04 1.00 
 0.07 0.00 0.96 
 0.08 0.05 1.02 
 0.06 0.01 0.95 
 0.06 0.00 1.05 
 0.07 0.02 1.02 
 0.04 0.00 0.99 
 0.08 0.05 1.01 
 0.07 0.00 0.97 
 0.08 0.00 1.05 
 0.09 0.02 0.99 
 0.05 0.00 1.00 
 0.08 0.03 1.00 
 0.05 0.00 0.98 
 0.08 0.01 1.02 
 0.08 0.02 0.99 
 0.06 0.00 1.02 
 0.07 0.03 1.00 
 0.05 0.00 0.98 
 0.07 0.02 1.01 
 0.08 0.00 0.99 
 0.07 0.01 1.05 
 0.07 0.03 1.03 
 0.05 0.00 0.97 
 0.06 0.01 1.01 
 0.05 0.02 0.98 
 0.07 0.00 1.03 
 0.10 0.08 1.01 
 0.15 0.09 1.11 
 0.16 0.04 0.96 
 0.03 0.00 0.99 
 0.07 0.01 1.00 
 0.01 0.00 1.00 
 0.05 0.07 1.06 
 0.08 0.04 0.91 
 0.60 0.38 0.54 
 0.00 0.09 0.94 
 0.02 0.05 1.02 
 0.27 0.02 0.29 
 0.11 0.04 0.97 
 0.02 0.63 1.01 
 0.04 0.10 1.27 
 0.27 0.10 1.00 
 0.11 0.00 0.96 
 0.06 0.08 0.98 
 0.05 0.00 1.03 
 0.12 0.12 1.02 
 0.00 0.00 0.88 
 0.01 0.04 0.98 
 0.02 0.04 1.09 
 0.02 0.15 1.02 
 0.17 0.27 1.08 
 0.20 0.15 0.68 
 2.00 0.41 0.70 
 1.41 1.55 1.40 
 1.18 1.71 0.16 
 1.13 0.12 1.71 
 0.70 0.72 1.58 
 1.07 1.14 1.01 
 0.14 0.71 0.96 
 0.22 0.40 0.48 
 0.13 0.08 0.39 
 0.11 0.39 0.77 
 0.16 0.09 0.63 
 0.21 0.11 0.56 
 0.76 0.57 0.72 
 0.33 0.14 0.04 
 0.54 0.11 0.01 
 0.84 0.79 0.67 
 0.69 0.02 0.25 
 0.83 0.14 0.73 
 0.53 0.19 0.60 
 0.88 0.88 0.65 
 0.73 0.70 0.30 
 0.70 0.20 0.10 
 0.90 0.75 0.08 
 0.74 0.04 0.44 
 0.73 0.13 0.01 
 0.50 0.61 0.70 
 0.07 0.80 0.53 
 0.30 1.41 0.34 
 0.02 0.89 0.20 
 0.15 1.39 0.36 
 0.13 0.92 0.44 
 0.42 1.54 0.77 
 0.11 1.27 0.82 
 0.05 0.71 0.37 
 0.02 0.64 0.18 
 0.64 0.67 0.54 
 0.46 1.23 0.33 
 0.50 1.00 0.13 
 0.06 1.33 0.61 
 0.12 0.81 0.28 
 0.29 0.66 0.31 
 0.40 1.07 0.66 
 0.09 0.86 0.54 
 0.40 0.48 0.64 
 0.01 1.04 0.68 
 0.73 0.56 0.25 
 0.35 1.22 0.12 
 0.67 1.46 0.32 
 0.63 1.09 2.00 
 0.27 0.97 0.05 
 0.45 0.74 0.16 
 0.31 0.71 0.10 
 0.29 0.69 0.50 
 0.40 0.57 0.20 
 0.49 0.81 0.04 
 0.65 1.31 0.07 
 0.56 1.12 0.43 
 0.49 0.81 0.27 
 0.33 0.84 0.09 
 0.47 0.85 0.09 
 0.47 0.92 0.05 
 0.46 0.86 0.00 
 0.64 0.92 0.09 
 0.50 0.85 0.39 
 0.54 0.76 0.22 
 0.45 1.03 0.01 
 0.48 1.05 0.01 
 0.34 0.82 0.09 
 0.39 0.71 0.13 
 0.33 0.93 0.04 
 0.28 0.93 0.20 
 0.44 0.96 0.26 
 0.44 0.98 0.09 
 0.43 0.97 0.08 
 0.42 0.98 0.06 
 0.54 1.03 0.11 
 0.41 1.14 0.07 
 0.37 0.99 0.23 
 0.41 0.82 0.22 
 0.43 0.89 0.17 
 0.43 0.92 0.02 
 0.33 1.11 0.22 
 0.34 0.99 0.20 
 0.25 1.01 0.00 
 0.47 1.34 0.26 
 0.37 1.36 0.00 
 0.39 0.62 0.38 
 1.76 1.44 0.79 
 0.01 0.58 0.29 
 0.59 0.89 0.80 
 0.30 0.95 1.09 
 0.28 0.95 0.24 
 0.20 0.69 0.75 
 0.08 0.83 0.85 
 0.17 1.28 0.62 
 0.14 1.18 0.41 
 0.17 0.94 0.05 
 0.05 0.59 0.50 
 0.20 1.04 0.49 
 0.14 0.83 0.09 
 0.11 0.82 0.08 
 0.04 1.19 0.14 
 0.14 1.10 0.77 
 0.02 1.10 0.95 
 0.15 1.16 0.70 
 0.23 1.24 0.46 
 0.26 0.88 0.53 
 0.38 0.66 0.43 
 0.31 0.89 0.49 
 0.23 1.05 0.92 
 0.37 1.57 0.30 
 0.13 1.39 0.18 
 0.06 0.99 0.56 
 0.12 1.12 0.40 
 0.04 0.95 0.18 
 0.22 1.08 0.13 
 0.25 1.01 0.28 
 0.01 1.04 1.49 
 0.22 0.99 0.38 
 0.43 0.92 0.01 
 0.16 0.67 0.28 
 0.23 0.79 0.39 
 0.11 0.56 0.04 
 0.31 0.38 0.18 
 0.14 0.76 0.35 
 0.12 0.83 0.42 
 0.06 0.56 0.47 
 0.15 0.79 0.52 
 0.24 0.87 0.53 
 0.26 0.76 0.34 
 0.14 0.72 0.45 
 0.25 0.76 0.69 
 0.16 0.64 0.38 
 0.16 0.82 0.58 
 0.10 0.97 0.39 
 0.12 0.77 0.39 
 0.09 0.89 0.32 
 0.13 1.54 0.27 
 0.05 1.19 0.18 
 0.18 1.01 0.55 
 0.28 0.99 0.18 
 0.25 1.02 0.12 
 0.31 1.00 0.06 
 0.32 0.93 0.00 
 0.27 0.95 0.02 
 0.26 0.91 0.07 
 0.28 0.91 0.14 
 0.29 0.92 0.11 
 0.18 1.42 0.25 
 0.38 0.91 0.19 
 0.29 0.93 0.13 
 0.02 1.16 0.01 
 0.39 0.94 0.39 
 0.18 0.80 0.35 
 0.26 0.99 0.28 
 0.28 1.04 0.02 
 0.32 0.98 0.13 
 0.19 0.89 0.23 
 0.25 1.24 0.08 
 0.18 0.68 0.00 
 0.16 0.59 0.01 
 0.16 0.96 0.36 
 0.23 0.89 0.03 
 0.02 0.86 0.14 
 0.21 1.27 0.02 
 0.12 1.07 0.17 
 0.08 1.12 0.11 
 0.13 1.16 0.51 
 0.30 0.93 0.24 
 0.17 1.10 0.36 
 0.12 1.07 0.31 
 0.06 1.09 0.29 
 0.03 1.11 0.14 
 0.14 1.19 0.20 
 0.14 0.79 0.05 
 0.04 1.17 0.16 
 0.11 1.04 0.01 
 0.08 0.77 0.07 
 0.21 1.07 0.08 
 0.29 0.82 0.21 
 0.33 1.07 0.24 
 0.44 0.81 0.11 
 0.38 0.94 0.10 
 0.16 0.85 0.01 
 0.36 1.22 0.19 
 0.12 1.38 0.18 
 0.21 1.14 0.17 
 0.05 1.54 0.00 
 0.02 1.34 0.02 
 0.04 1.18 0.00 
 0.02 0.96 0.05 
 0.46 1.29 0.32 
 0.22 1.07 0.07 
 0.28 1.14 0.13 
 0.23 0.74 0.40 
 0.34 0.52 0.18 
 0.57 0.67 0.17 
 0.47 0.87 0.21 
 0.08 1.26 0.08 
 0.05 1.31 0.21 
 0.06 0.90 0.29 
 0.10 1.09 0.06 
 0.01 1.02 0.12 
 0.01 0.97 0.10 
 0.04 1.04 0.04 
 0.01 1.06 0.08 
 0.33 0.48 0.57 
 0.19 0.87 0.13 
 0.14 1.57 0.47 
 0.25 1.38 0.11 
 0.18 1.25 0.16 
 0.12 1.35 0.10 
 0.03 0.95 0.18 
 0.02 0.43 0.17 
 0.10 0.78 0.16 
 0.23 0.85 0.23 
 0.20 0.92 0.07 
 0.29 1.29 0.26 
 0.11 1.41 0.06 
 0.26 1.09 0.14 
 0.39 0.91 0.28 
 0.47 0.60 0.07 
 0.41 0.18 0.60 
 0.66 1.08 0.15 
 0.71 0.83 0.27 
 0.18 0.10 0.77 
 0.57 1.55 0.12 
 0.48 1.27 0.42 
 0.25 1.00 0.10 
 0.27 0.51 1.07 
 0.84 1.55 0.46 
 0.76 0.92 0.52 
 0.30 0.64 0.67 
 0.25 0.15 0.23 
 0.24 1.05 1.09 
 0.05 0.69 0.52 
 0.39 0.75 0.36 
 0.19 0.34 0.05 
 0.45 0.27 0.73 
 0.31 0.06 0.02 
 0.79 1.19 0.69 
 0.03 0.90 0.06 
 0.13 0.75 0.97 
 0.77 0.62 0.87 
 0.49 0.42 1.17 
 0.89 0.00 1.57 
 1.29 0.68 1.89 
 1.06 0.11 1.34 
 1.11 0.52 0.84 
 2.00 0.41 1.01 
 0.41 1.10 0.60 
 0.95 0.27 1.21 
 0.92 0.58 0.41 
 0.21 1.13 0.48 
 0.82 0.18 0.63 
 0.09 1.15 0.61 
 0.54 1.76 0.45 
 0.65 1.11 0.44 
 0.02 0.26 0.10 
 0.12 0.04 0.12 
 0.51 1.99 0.48 
 0.31 0.54 0.26 
 0.18 0.34 1.27 
 0.00 1.10 0.63 
 0.47 0.12 0.76 
 0.02 1.26 0.31 
 0.39 1.44 0.47 
 0.25 0.09 0.27 
 0.46 1.15 0.20 
 0.37 1.11 1.13 
 0.26 0.15 0.31 
 0.36 1.52 0.41 
 0.19 0.90 0.27 
 0.08 1.00 0.47 
 0.24 0.70 1.18 
 0.00 0.70 0.84 
 0.07 0.65 1.53 
 0.03 0.12 0.91 
 0.28 0.21 1.30 
 0.09 0.54 0.93 
 0.05 0.61 1.39 
 0.05 0.56 0.84 
 0.12 0.27 1.07 
 0.27 0.26 0.78 
 0.20 0.48 1.49 
 0.28 0.25 1.07 
 0.28 0.07 0.75 
 0.44 0.26 1.03 
 0.46 0.66 0.81 
 0.14 1.35 1.35 
 0.12 0.60 0.97 
 0.23 0.26 0.84 
 0.13 0.40 0.55 
 0.28 0.51 0.61 
 0.37 0.34 1.12 
 0.34 0.22 0.35 
 0.45 0.32 0.95 
 0.28 0.51 0.90 
 0.56 0.63 0.87 
 0.71 0.31 1.17 
 1.15 0.50 1.65 
 0.31 1.07 0.74 
 1.00 0.05 0.21 
 0.34 0.26 0.75 
 0.32 0.32 0.90 
 0.23 0.82 1.40 
 0.39 0.13 2.00 
 0.16 0.03 0.83 
 0.13 0.36 0.76 
 0.68 0.20 1.20 
 0.35 0.40 0.87 
 0.52 0.41 1.21 
 0.35 0.41 0.39 
 0.07 0.94 0.65 
 0.03 0.19 0.44 
 0.27 0.87 0.08 
 0.17 0.73 0.62 
 0.20 0.59 0.64 
 0.74 0.97 0.97 
 0.45 0.70 0.91 
 0.29 0.14 1.28 
 0.02 0.01 1.93 
 0.28 0.63 0.16 
 0.27 0.59 1.20 
 0.49 0.87 0.89 
 0.22 1.19 0.12 
 0.07 0.91 0.34 
 0.25 0.14 0.97 
 0.08 0.73 0.98 
 0.09 0.79 0.35 
 0.36 1.34 0.67 
 0.35 1.95 0.63 
 0.21 1.12 1.57 
 0.09 0.81 0.40 
 0.11 0.62 1.01 
 0.88 0.25 0.43 
 0.50 0.13 0.15 
 0.13 1.99 0.68 
 0.14 0.93 0.47 
 0.40 0.81 0.50 
 0.13 1.21 0.29 
 0.26 0.25 0.32 
 0.22 1.05 0.66 
 0.19 1.48 0.04 
 0.19 0.83 0.93 
 0.06 0.84 0.21 
 0.02 1.09 0.25 
 0.52 1.36 0.38 
 0.07 1.06 0.27 
 0.34 1.05 0.46 
 0.15 1.04 0.42 
 0.25 1.15 0.28 
 0.12 1.13 0.21 
 0.65 0.52 0.45 
 0.27 1.00 0.49 
 0.03 1.01 0.51 
 0.10 1.03 0.20 
 0.09 0.49 0.22 
 0.14 1.39 0.24 
 0.48 1.47 0.34 
 0.12 0.77 0.32 
 0.75 1.06 0.23 
 0.03 1.54 0.15 
 0.14 1.99 0.24 
 0.44 0.79 0.20 
 0.58 0.32 0.41 
 0.53 0.89 0.33 
 0.28 0.51 0.52 
 0.34 0.62 0.45 
 0.40 0.39 0.70 
 0.13 0.00 0.30 
 0.15 0.10 0.03 
 0.35 0.52 0.17 
 0.14 1.12 0.21 
 0.15 1.17 0.25 
 0.09 1.18 0.28 
 0.36 1.22 0.18 
 0.65 1.97 2.00 
 0.23 1.46 0.37 
 0.28 0.91 1.05 
 0.26 0.85 0.07 
 0.04 1.16 0.53 
 0.00 1.02 0.65 
 0.15 0.95 0.03 
 0.25 0.67 2.00 
 1.17 0.50 0.15 
 0.45 0.20 1.05 
 0.18 0.42 0.76 
 0.34 0.29 0.18 
 0.50 0.29 1.23 
 0.27 0.13 1.23 
 0.06 0.15 0.87 
 0.09 0.13 0.79 
 0.05 0.51 0.58 
 0.00 0.17 0.56 
 0.30 0.94 0.93 
 0.18 0.10 0.78 
 0.28 0.16 1.75 
 1.02 1.05 1.01 
 0.50 0.22 0.98 
 0.34 0.02 0.86 
 0.44 0.02 1.11 
 0.66 0.37 0.70 
 0.41 0.50 0.54 
 0.30 0.06 0.97 
 0.19 0.55 0.83 
 0.68 1.26 0.16 
 0.11 0.51 0.42 
 0.45 0.22 0.50 
 0.33 0.73 0.58 
 0.14 0.58 0.67 
 0.25 0.50 1.13 
 0.05 0.71 0.95 
 0.58 0.35 0.69 
 0.26 0.46 0.77 
 0.36 0.40 0.93 
 0.87 0.51 0.64 
 0.14 0.17 1.06 
 0.14 0.07 0.97 
 1.48 1.54 1.56 
 0.50 0.05 1.52 
 0.15 0.07 0.98 
 0.72 0.59 1.00 
 0.06 0.00 0.69 
 0.03 0.02 0.62 
 0.26 1.48 0.74 
 0.10 0.29 1.11 
 0.11 0.45 1.33 
 0.15 0.01 1.15 
 0.14 1.11 1.30 
 0.30 0.09 0.39 
 0.26 0.03 0.23 
 0.41 0.36 1.12 
 0.04 0.89 1.39 
 0.11 0.23 1.01 
 0.69 1.05 0.51 
 0.00 0.41 1.14 
 0.84 0.35 0.53 
 0.16 0.66 2.00 
 0.46 0.71 0.45 
 0.39 0.90 0.73 
 0.01 0.55 1.20 
 0.10 0.92 0.28 
 0.19 1.14 0.08 
 0.17 1.18 1.61 
 0.38 1.25 0.06 
 0.16 0.72 0.04 
 0.23 0.72 0.69 
 0.62 0.68 0.32 
 0.01 0.27 0.11 
 0.41 0.21 0.05 
 0.49 0.44 0.08 
 0.49 0.30 0.31 
 0.74 0.49 0.28 
 0.30 0.43 0.28 
 0.61 0.67 1.00 
 0.88 0.70 0.33 
 0.68 0.67 0.40 
 0.55 0.75 0.61 
 0.37 0.36 0.13 
 0.65 0.55 0.47 
 0.29 0.52 0.35 
 0.11 0.52 0.97 
 0.07 1.42 0.55 
 0.44 1.04 0.55 
 0.21 0.83 0.38 
 0.28 1.13 0.17 
 0.91 1.39 0.47 
 0.69 1.27 0.66 
 0.73 0.86 0.20 
 0.40 0.78 0.06 
 0.35 0.94 0.13 
 0.52 0.16 0.10 
 0.65 0.82 0.27 
 0.62 1.02 0.31 
 0.81 0.76 0.04 
 0.71 0.50 0.59 
 0.78 0.77 1.13 
 0.66 0.90 0.69 
 0.90 0.73 0.22 
 0.50 0.57 0.48 
 0.10 0.45 1.00 
 0.82 1.50 0.47 
 0.47 0.97 0.00 
 0.44 0.86 0.35 
 0.21 0.95 0.67 
 0.25 0.95 0.41 
 0.58 0.48 0.18 
 0.03 0.69 0.01 
 0.37 1.09 0.38 
 0.18 1.03 0.42 
 0.18 0.81 0.06 
 0.45 0.71 0.24 
 0.40 0.85 0.20 
 0.48 0.90 0.06 
 0.37 1.04 0.40 
 0.87 0.57 0.12 
 0.19 0.88 0.19 
 0.46 0.92 0.30 
 0.46 1.07 0.33 
 0.46 0.36 0.63 
 0.58 0.92 0.11 
 0.35 1.32 0.45 
 0.69 1.22 0.29 
 0.84 0.65 0.14 
 0.46 0.58 0.00 
 0.36 0.46 0.34 
 0.39 0.52 0.47 
 0.83 1.09 0.49 
 0.51 1.30 0.61 
 0.52 0.93 0.23 
 0.43 0.70 0.08 
 0.59 0.54 0.17 
 0.46 0.91 0.08 
 0.48 0.82 0.60 
 0.72 1.57 0.06 
 0.55 0.57 0.35 
 0.53 0.24 0.05 
 0.55 1.46 0.42 
 0.84 0.67 0.29 
 1.45 0.20 0.60 
 0.49 0.82 0.05 
 0.35 0.60 0.05 
 1.14 0.30 0.04 
 1.43 0.55 0.00 
 0.90 0.45 0.09 
 1.12 0.24 0.70 
 0.81 0.70 0.06 
 1.21 0.35 0.30 
 1.05 0.39 0.32 
 1.17 0.25 0.13 
 1.02 0.22 0.17 
 0.78 0.29 0.12 
 0.91 0.15 0.05 
 0.85 0.30 0.04 
 0.64 0.51 0.00 
 0.59 0.63 0.07 
 0.77 0.51 0.01 
 0.87 0.53 0.08 
 0.52 0.75 0.02 
 0.89 0.48 0.09 
 0.63 0.69 0.02 
 0.83 0.53 0.18 
 0.81 0.55 0.08 
 0.73 0.69 0.10 
 0.60 0.80 0.02 
 0.95 0.47 0.02 
 0.86 0.58 0.01 
 0.83 0.73 0.10 
 0.32 0.97 0.19 
 0.60 0.51 0.08 
 0.84 0.41 0.07 
 0.74 0.69 0.10 
 0.74 0.77 0.06 
 0.86 0.67 0.15 
 1.06 0.71 0.10 
 0.73 0.95 0.06 
 0.68 0.78 0.01 
 0.81 0.46 0.08 
 0.90 0.24 0.22 
 0.62 0.35 0.16 
 0.63 0.48 0.33 
 0.57 0.55 0.29 
 0.79 0.46 0.29 
 0.70 0.66 0.45 
 0.99 0.34 0.03 
 0.84 0.61 0.19 
 0.63 0.62 0.16 
 0.85 0.21 0.15 
 0.99 0.02 0.17 
 0.73 0.23 0.37 
 0.80 0.07 0.20 
 1.15 0.12 0.10 
 0.90 0.01 0.26 
 1.07 0.25 0.16 
 1.76 0.61 0.04 
 1.22 0.32 0.00 
 0.85 0.15 0.05 
 0.98 0.23 0.00 
 0.84 0.03 0.11 
 0.78 0.06 0.13 
 0.93 0.03 0.28 
 0.78 0.23 0.19 
 1.12 0.07 0.07 
 1.09 0.13 0.27 
 0.82 0.35 0.06 
 0.62 0.27 0.32 
 1.64 0.06 0.05 
 0.80 0.43 0.16 
 1.12 0.38 0.01 
 0.94 0.50 0.21 
 1.01 0.52 0.00 
 0.59 0.61 0.00 
 0.82 0.31 0.04 
 0.90 0.10 0.00 
 0.49 0.40 0.08 
 0.62 0.19 0.10 
 0.99 0.10 0.09 
 0.64 0.36 0.26 
 1.38 0.17 0.08 
 1.40 0.26 0.24 
 1.33 0.51 0.05 
 1.34 0.33 0.22 
 1.32 0.15 0.08 
 1.36 0.14 0.07 
 0.89 0.06 0.19 
 0.73 0.03 0.19 
 0.75 0.05 0.40 
 0.84 0.10 0.23 
 0.95 0.26 0.37 
 0.74 0.58 0.21 
 1.00 0.55 0.26 
 0.78 0.52 1.36 
 1.81 1.34 1.99 
 1.13 0.45 0.08 
 0.39 0.26 0.32 
 0.82 0.10 0.52 
 0.88 0.26 0.23 
 1.63 0.95 0.48 
 1.53 0.18 0.27 
 0.14 0.35 0.70 
 0.92 0.81 0.02 
 0.75 0.90 0.39 
 0.92 0.03 0.18 
 0.58 0.47 0.28 
 0.35 1.64 0.83 
 0.55 0.96 0.29 
 0.37 0.27 0.73 
 0.35 1.34 0.66 
 0.97 1.25 0.16 
 0.42 0.43 0.26 
 0.29 0.93 1.79 
 0.35 0.11 0.95 
 0.50 0.77 0.03 
 0.18 1.07 0.35 
 0.30 0.67 0.06 
 0.28 0.67 0.35 
 0.47 0.50 0.04 
 0.50 0.78 0.18 
 0.58 1.00 0.01 
 0.60 0.73 0.15 
 0.58 0.80 0.00 
 0.45 0.50 0.16 
 0.60 0.49 0.11 
 0.68 0.56 0.28 
 0.76 0.31 0.09 
 0.85 0.94 0.12 
 0.90 1.00 0.18 
 1.04 1.03 0.26 
 0.80 1.04 0.03 
 0.70 0.20 0.18 
 0.59 0.53 0.76 
 1.42 0.18 0.07 
 0.65 0.46 1.23 
 0.79 1.66 0.64 
 1.57 0.22 0.44 
 0.85 1.24 0.54 
 0.65 0.21 0.24 
 0.71 0.08 0.29 
 0.63 1.24 0.09 
 0.76 0.52 0.83 
 0.66 0.40 0.67 
 0.56 0.45 0.06 
 0.39 1.15 0.53 
 0.59 0.84 0.31 
 0.04 0.28 0.57 
 0.70 0.85 0.16 
 0.67 0.36 0.05 
 0.50 1.15 0.15 
 0.94 0.73 0.41 
 0.71 1.30 0.36 
 0.23 0.65 1.01 
 0.34 1.04 0.25 
 0.53 0.88 0.26 
 0.11 0.75 0.63 
 0.17 0.80 0.27 
 0.07 0.85 0.73 
 0.13 1.02 0.55 
 0.28 0.99 0.59 
 0.11 0.88 0.27 
 0.44 0.79 0.26 
 0.37 0.87 0.61 
 0.35 1.50 0.14 
 0.30 1.04 0.53 
 0.30 1.06 0.18 
 0.06 0.33 0.60 
 0.07 1.25 0.97 
 0.36 0.71 0.28 
 0.38 0.74 0.23 
 0.47 0.44 0.33 
 0.01 1.66 0.72 
 0.18 1.15 0.24 
 0.16 1.03 0.15 
 0.00 1.04 0.15 
 0.18 1.10 0.17 
 0.34 0.79 0.16 
 0.14 0.80 0.40 
 0.55 1.04 0.53 
 0.85 1.47 0.93 
 0.35 0.91 0.22 
 1.32 1.67 0.41 
 0.26 0.08 0.40 
 0.01 0.96 0.06 
 0.20 0.60 0.29 
 0.18 1.24 1.02 
 0.00 1.07 0.67 
 0.28 0.89 0.17 
 0.27 0.91 1.16 
 0.54 1.07 1.06 
 0.03 0.90 0.48 
 0.08 0.91 0.48 
 0.10 0.85 0.96 
 0.02 0.69 0.62 
 0.10 1.26 0.28 
 0.05 0.95 0.74 
 0.08 1.00 0.61 
 0.38 0.50 0.75 
 1.23 1.03 0.43 
 0.67 0.83 0.18 
 0.03 0.22 0.74 
 0.10 0.66 0.59 
 0.43 0.98 0.69 
 0.07 1.56 0.62 
 0.06 0.99 0.61 
 0.42 1.00 1.95 
 0.15 0.90 0.19 
 0.18 0.93 0.44 
 0.25 0.99 0.29 
 0.19 0.99 0.29 
 0.05 1.00 0.66 
 0.05 1.09 0.17 
 0.10 1.46 0.96 
 0.13 0.85 0.11 
 0.16 1.25 0.07 
 0.87 0.91 0.14 
 0.20 1.05 0.01 
 0.26 1.15 0.08 
 0.21 1.40 0.23 
 1.05 0.74 0.89 
 0.95 0.55 0.40 
 0.83 1.00 0.09 
 0.34 0.78 0.59 
 0.66 0.66 0.03 
 0.59 0.66 0.18 
 0.35 1.30 0.09 
 0.70 1.03 0.37 
 0.75 0.79 0.09 
 0.44 0.66 0.37 
 1.00 1.99 1.98 
 0.63 0.87 0.62 
 0.73 0.86 0.18 
 0.63 0.82 0.33 
 0.72 1.02 0.26 
 0.66 0.69 0.09 
 0.62 1.19 0.01 
 0.46 0.70 0.14 
 0.49 0.98 0.15 
 0.45 0.80 0.25 
 0.29 0.80 0.43 
 0.47 1.10 0.23 
 0.37 1.70 0.10 
 0.46 1.03 0.10 
 0.42 1.05 0.19 
 0.51 1.01 0.00 
 0.43 0.98 0.14 
 0.33 0.94 0.23 
 0.30 0.80 0.03 
 0.41 1.29 0.05 
 0.54 1.07 0.10 
 0.31 0.96 0.02 
 0.18 1.13 0.03 
 0.76 0.87 0.31 
 0.33 1.36 0.03 
 0.14 1.25 0.67 
 0.00 1.09 0.00 
 0.29 1.12 0.38 
 0.06 1.11 0.17 
 0.02 1.13 0.06 
 0.51 1.99 0.17 
 0.01 0.78 0.29 
 0.19 1.06 0.06 
 0.18 0.72 0.27 
 0.23 0.76 0.12 
 0.42 0.30 0.05 
 0.00 0.89 0.28 
 0.14 1.57 0.19 
 0.63 1.45 0.26 
 0.20 0.37 0.59 
 0.31 0.89 0.16 
 0.16 0.91 0.03 
 0.12 1.09 0.24 
 0.38 0.80 0.42 
 0.12 1.22 0.09 
 0.04 0.89 0.62 
 0.19 0.98 0.22 
 0.50 0.48 0.52 
 0.30 0.23 0.25 
 0.22 1.67 0.02 
 0.59 0.80 0.42 
 0.28 0.62 1.07 
 0.38 0.70 0.69 
 0.48 0.67 0.84 
 1.10 0.30 0.41 
 0.42 0.89 0.81 
 0.75 0.39 0.38 
 0.69 0.60 0.48 
 0.54 0.81 0.68 
 0.56 0.45 0.53 
 0.72 0.46 0.34 
 0.63 0.26 0.25 
 0.75 0.77 0.37 
 0.75 0.53 0.29 
 0.86 0.46 0.54 
 0.77 0.86 0.62 
 0.63 0.54 0.28 
 0.94 1.09 0.00 
 0.31 0.80 1.10 
 0.74 0.00 0.15 
 0.72 0.36 0.68 
 0.85 0.04 0.63 
 0.81 0.01 0.39 
 0.77 0.00 0.23 
 0.70 0.08 0.53 
 1.05 0.14 0.33 
 1.06 0.12 0.25 
 0.80 0.25 0.81 
 1.07 1.31 1.99 
 0.88 0.24 0.15 
 0.66 0.32 0.44 
 0.70 0.38 0.23 
 0.41 0.76 0.56 
 0.65 0.14 0.37 
 0.84 0.62 0.15 
 1.35 0.10 0.46 
 0.93 0.55 0.41 
 0.78 0.26 0.24 
 0.67 0.88 0.44 
 0.89 0.64 0.22 
 0.87 0.48 0.07 
 0.73 0.40 0.39 
 0.79 0.51 0.34 
 0.79 0.68 0.42 
 0.44 0.54 0.37 
 0.63 0.64 0.35 
 0.65 0.77 0.09 
 0.42 0.97 0.46 
 0.48 0.75 0.03 
 0.65 0.57 0.10 
 0.51 0.69 0.38 
 0.67 0.52 1.00 
 0.39 0.15 1.15 
 0.52 1.04 0.55 
 0.53 0.83 0.26 
 1.74 0.55 0.04 
 0.58 1.14 0.30 
 0.52 0.67 0.00 
 0.97 0.82 0.52 
 0.60 0.88 0.01 
 0.57 0.73 0.72 
 0.83 0.75 0.66 
 0.15 0.87 0.01 
 0.44 0.59 0.47 
 0.46 0.78 0.42 
 1.24 0.97 0.25 
 0.45 0.74 0.50 
 0.57 0.95 0.23 
 0.79 1.23 0.55 
 0.45 0.84 0.16 
 0.49 1.05 0.16 
 0.68 1.05 0.22 
 0.01 1.04 0.02 
 0.62 0.81 0.27 
 0.04 0.88 0.30 
 0.24 0.29 0.05 
 0.67 0.20 0.21 
 0.91 0.22 0.07 
 0.93 0.04 0.06 
 0.68 0.61 0.19 
 0.14 0.74 0.04 
 0.90 0.63 0.20 
 1.08 0.35 0.12 
 1.03 0.49 0.06 
 1.10 0.39 0.08 
 0.92 0.56 0.03 
 1.03 0.33 0.30 
 0.84 0.60 0.28 
 0.92 0.58 0.21 
 0.72 0.52 0.24 
 0.69 0.50 0.30 
 0.69 0.39 0.18 
 0.47 0.50 0.26 
 0.57 0.52 0.28 
 0.57 0.62 0.34 
 0.57 0.63 0.45 
 0.65 0.89 0.59 
 0.53 0.67 0.45 
 1.29 0.29 0.03 
 0.99 1.04 0.26 
 0.53 0.15 0.01 
 1.01 0.62 0.79 
 0.72 0.49 0.39 
 0.95 0.86 0.08 
 0.55 0.68 0.66 
 0.79 0.31 0.26 
 0.96 0.27 0.25 
 0.78 0.43 0.49 
 0.76 0.68 0.36 
 0.74 0.87 0.44 
 1.14 0.85 0.67 
 1.15 0.47 0.35 
 1.41 0.45 0.28 
 0.95 1.10 0.11 
 0.83 0.28 0.10 
 0.53 0.15 0.01 
 0.67 0.31 0.02 
 0.66 0.09 0.01 
 0.45 0.22 0.28 
 0.72 1.26 1.08 
 0.48 1.12 0.62 
 1.24 0.36 0.02 
 1.37 0.30 0.43 
 0.10 0.85 1.07 
 0.83 0.94 0.22 
 1.03 0.26 0.70 
 0.45 0.46 0.09 
 0.72 0.60 0.17 
 0.93 0.47 0.12 
 0.79 0.52 0.45 
 0.76 0.81 0.08 
 0.52 1.10 0.17 
 0.85 0.86 0.52 
 1.17 0.69 0.65 
 1.21 0.14 0.11 
 1.29 0.81 0.16 
 0.85 0.59 0.83 
 0.49 0.35 0.09 
 0.62 0.23 0.01 
 0.60 0.34 0.09 
 0.53 0.13 0.05 
 0.42 0.43 0.37 
 0.55 1.68 0.73 
 0.36 1.09 0.48 
 1.54 0.45 0.13 
 0.97 0.87 0.06 
 0.11 0.18 0.94 
 1.12 0.50 0.15 
 0.93 0.89 0.11 
 0.45 0.36 0.48 
 0.72 0.48 0.18 
 0.90 0.29 0.07 
 0.86 0.39 0.07 
 0.72 0.82 0.16 
 0.79 0.80 0.34 
 0.65 0.82 0.47 
 0.96 1.04 0.38 
 1.01 0.03 0.22 
 1.35 0.40 0.04 
 0.92 1.22 0.48 
 0.78 0.59 0.10 
 0.59 0.22 0.17 
 0.57 0.23 0.03 
 0.63 0.00 0.02 
 0.39 0.24 0.27 
 0.67 1.50 1.09 
 0.42 1.04 0.56 
 1.53 0.48 0.13 
 1.12 0.46 0.27 
 0.29 0.37 1.42 
 0.74 0.63 0.27 
 0.95 0.83 0.67 
 0.45 0.28 0.84 
 0.80 0.30 0.16 
 1.16 0.17 0.45 
 0.77 0.63 0.35 
 0.70 0.82 0.20 
 0.57 0.90 0.36 
 0.90 0.76 0.30 
 1.19 0.79 0.48 
 1.04 0.36 0.08 
 1.19 0.61 0.26 
 0.81 0.98 0.25 
 0.82 0.37 0.17 
 0.56 0.14 0.06 
 0.57 0.32 0.05 
 0.52 0.14 0.04 
 0.51 0.22 0.33 
 0.55 1.73 1.03 
 0.31 1.14 0.49 
 1.41 0.15 0.21 
 0.88 0.78 0.09 
 0.17 0.26 0.17 
 0.94 0.72 0.07 
 0.80 0.96 0.02 
 0.56 0.61 0.07 
 0.50 0.75 0.08 
 1.03 0.58 0.03 
 0.75 0.61 0.25 
 0.70 0.76 0.23 
 0.61 0.99 0.37 
 0.70 0.89 0.31 
 1.07 0.60 0.46 
 1.29 0.27 0.14 
 1.18 0.75 0.19 
 1.03 0.56 0.43 
 0.72 0.27 0.04 
 0.63 0.32 0.07 
 0.54 0.40 0.06 
 0.53 0.13 0.09 
 0.47 0.51 0.37 
 0.51 1.64 0.47 
 0.19 1.09 0.32 
 0.97 0.76 0.17 
 1.63 0.82 1.23 
 0.18 0.60 0.90 
 0.81 0.38 0.16 
 1.01 1.18 0.18 
 0.60 0.45 0.47 
 0.44 0.75 0.17 
 1.15 0.24 0.01 
 0.57 0.69 0.16 
 0.60 0.79 0.30 
 0.59 0.88 0.29 
 0.77 1.10 0.41 
 1.42 0.45 0.42 
 1.35 0.40 0.11 
 0.96 1.03 0.09 
 0.79 0.82 0.34 
 0.52 0.69 0.01 
 0.70 0.40 0.10 
 0.67 0.10 0.14 
 0.41 0.24 0.25 
 0.19 0.75 0.29 
 0.79 1.78 0.93 
 0.28 0.90 0.38 
 1.34 0.36 0.20 
 0.90 0.58 0.41 
 0.37 0.69 0.89 
 0.85 0.66 0.01 
 0.85 0.46 0.18 
 0.24 0.61 0.72 
 0.63 0.77 0.08 
 0.99 0.32 0.57 
 0.82 0.75 0.35 
 0.83 0.66 0.22 
 0.57 0.93 0.28 
 1.02 1.18 0.54 
 1.25 0.44 0.16 
 1.29 0.53 0.03 
 0.81 0.82 0.14 
 0.54 0.64 0.01 
 0.43 0.13 0.06 
 0.56 0.46 0.00 
 0.53 0.09 0.05 
 0.47 0.20 0.25 
 0.38 1.68 1.04 
 0.45 1.28 0.33 
 1.76 0.71 0.14 
 0.82 0.43 0.43 
 0.27 0.36 0.79 
 0.97 0.73 0.15 
 0.73 0.29 0.52 
 0.36 0.54 0.47 
 0.77 0.59 0.14 
 0.85 0.34 0.05 
 0.76 0.84 0.07 
 0.72 0.93 0.25 
 0.63 0.89 0.29 
 1.03 1.05 0.61 
 1.15 0.42 0.38 
 1.40 0.45 0.10 
 0.84 0.97 0.24 
 0.94 0.43 0.02 
 0.52 0.19 0.10 
 0.57 0.24 0.01 
 0.62 0.07 0.01 
 0.44 0.15 0.14 
 0.65 1.22 0.90 
 0.38 1.48 0.43 
 1.25 0.65 0.17 
 1.40 0.08 0.87 
 0.11 0.73 0.97 
 0.76 0.62 0.02 
 0.85 0.90 0.46 
 0.43 0.70 0.01 
 0.53 0.79 0.21 
 0.90 0.41 0.35 
 0.71 0.68 0.12 
 0.72 0.90 0.09 
 0.58 0.88 0.28 
 0.70 0.83 0.39 
 1.08 1.05 0.03 
 1.10 0.49 0.10 
 1.28 0.52 0.28 
 0.62 0.90 0.49 
 0.53 0.49 0.45 
 0.55 0.27 0.14 
 0.59 0.30 0.10 
 0.59 0.16 0.03 
 0.44 0.27 0.21 
 0.56 1.19 0.69 
 0.34 1.47 0.17 
 1.48 0.85 0.16 
 1.31 0.48 0.02 
 0.06 0.07 0.11 
 0.75 0.97 0.43 
 0.84 0.73 0.49 
 0.36 0.84 0.08 
 0.69 0.69 0.10 
 1.10 0.31 0.17 
 0.63 0.56 0.34 
 0.68 0.89 0.18 
 0.54 0.94 0.40 
 0.71 0.95 0.27 
 0.94 0.98 0.15 
 1.16 0.37 0.02 
 1.24 0.56 0.11 
 0.97 0.76 0.45 
 0.54 0.42 0.09 
 0.56 0.30 0.13 
 0.60 0.28 0.07 
 0.57 0.11 0.00 
 0.40 0.46 0.29 
 0.55 1.37 0.66 
 0.30 1.37 0.30 
 0.94 0.67 0.10 
 2.00 0.13 2.00 
 0.03 0.67 0.31 
 0.76 0.78 0.32 
 0.88 1.00 0.08 
 0.54 0.58 0.29 
 0.34 0.75 0.29 
 0.86 0.44 0.04 
 0.89 0.23 0.03 
 0.63 0.60 0.52 
 0.75 0.81 0.27 
 0.55 0.67 0.26 
 1.02 0.82 0.67 
 0.91 0.79 0.47 
 1.18 0.38 0.05 
 1.38 0.71 0.25 
 0.73 0.88 1.01 
 0.44 0.49 0.37 
 0.53 0.51 0.04 
 0.57 0.32 0.06 
 0.58 0.23 0.06 
 0.46 0.44 0.33 
 0.52 1.36 0.60 
 0.29 1.24 0.24 
 1.04 0.83 0.20 
 1.71 0.28 1.56 
 0.26 0.08 0.34 
 0.51 0.83 0.11 
 0.87 1.25 0.03 
 0.78 0.36 0.54 
 0.40 0.88 0.28 
 0.70 0.52 0.28 
 1.08 0.21 0.14 
 0.70 0.66 0.51 
 0.75 0.83 0.15 
 0.60 0.96 0.30 
 0.64 0.89 0.24 
 0.84 0.89 0.52 
 0.95 0.57 0.24 
 1.35 0.48 0.00 
 1.01 1.07 0.20 
 0.73 0.77 0.10 
 0.50 0.32 0.10 
 0.53 0.50 0.01 
 0.57 0.25 0.09 
 0.52 0.14 0.10 
 0.40 0.70 0.69 
 0.44 1.99 0.79 
 1.19 0.82 0.06 
 1.11 0.00 0.73 
 0.35 0.23 0.14 
 0.87 1.24 0.29 
 0.92 0.59 0.51 
 0.59 1.18 0.27 
 0.55 0.60 0.36 
 1.01 0.51 0.04 
 0.93 0.03 0.14 
 0.62 0.71 0.60 
 0.77 0.70 0.32 
 0.44 0.83 0.39 
 1.14 1.25 0.87 
 1.00 0.59 0.15 
 1.35 0.65 0.09 
 0.88 1.11 0.04 
 0.62 0.46 0.00 
 0.56 0.35 0.06 
 0.63 0.29 0.03 
 0.59 0.07 0.00 
 0.33 0.34 0.26 
 0.59 1.34 1.03 
 0.40 1.30 0.52 
 1.29 0.39 0.28 
 1.33 0.39 1.12 
 0.28 0.80 1.38 
 0.64 0.70 0.29 
 1.07 0.56 0.46 
 0.44 0.73 0.18 
 0.60 0.60 0.15 
 0.92 0.21 0.18 
 0.75 0.49 0.09 
 0.57 0.88 0.05 
 0.65 1.07 0.14 
 0.67 0.84 0.57 
 0.94 1.14 0.41 
 1.25 0.50 0.15 
 1.37 0.52 0.07 
 0.67 0.98 0.34 
 0.53 0.92 0.02 
 0.51 0.28 0.12 
 0.53 0.28 0.01 
 0.53 0.15 0.07 
 0.41 0.20 0.12 
 0.50 1.03 0.78 
 0.48 1.71 0.48 
 1.04 0.48 0.15 
 1.64 0.35 1.30 
 0.06 0.78 0.71 
 0.61 0.73 0.07 
 0.83 0.90 0.04 
 0.56 0.72 0.15 
 0.54 0.54 0.12 
 0.87 0.60 0.76 
 0.72 0.86 0.10 
 0.67 1.00 0.00 
 0.58 1.00 0.11 
 0.96 1.10 0.47 
 1.29 0.57 0.59 
 1.23 0.38 0.06 
 1.12 0.93 0.22 
 0.74 1.09 0.28 
 0.66 0.34 0.00 
 0.62 0.32 0.01 
 0.58 0.36 0.02 
 0.48 0.06 0.09 
 0.40 0.42 0.46 
 0.56 1.86 0.86 
 0.50 1.10 0.45 
 1.59 0.05 0.45 
 0.65 0.46 0.12 
 0.42 0.38 0.37 
 0.97 1.00 0.30 
 0.85 0.51 0.67 
 0.54 0.50 0.36 
 0.58 0.73 0.04 
 0.90 0.50 0.15 
 0.90 0.50 0.18 
 0.77 0.84 0.19 
 0.57 1.13 0.31 
 1.13 0.87 0.45 
 0.72 0.49 0.38 
 1.37 0.66 0.01 
 0.89 0.84 0.16 
 0.88 0.52 0.05 
 0.45 0.24 0.06 
 0.58 0.39 0.09 
 0.51 0.27 0.00 
 0.40 0.21 0.11 
 0.60 1.02 0.86 
 0.47 1.49 0.65 
 0.93 0.76 0.02 
 1.98 0.50 1.68 
 0.09 0.96 0.69 
 0.97 0.35 0.15 
 0.80 1.17 0.23 
 0.49 0.87 0.16 
 0.48 0.82 0.04 
 0.88 0.34 0.16 
 0.83 0.50 0.22 
 0.65 0.77 0.26 
 0.52 0.94 0.28 
 0.64 0.90 0.14 
 1.02 1.03 0.60 
 1.02 0.38 0.08 
 1.21 0.87 0.01 
 1.00 1.03 0.36 
 0.68 0.35 0.15 
 0.47 0.28 0.01 
 0.58 0.42 0.04 
 0.61 0.21 0.03 
 0.43 0.21 0.15 
 0.36 0.82 0.73 
 0.34 1.85 0.36 
 0.69 0.90 0.17 
 2.00 0.03 1.15 
 0.53 0.22 0.26 
 0.60 0.39 0.14 
 0.92 0.82 0.43 
 0.73 0.55 0.50 
 0.18 0.99 0.16 
 0.71 0.49 0.04 
 0.80 0.56 0.04 
 0.75 0.70 0.10 
 0.65 0.77 0.31 
 0.73 0.79 0.29 
 0.80 0.95 0.55 
 0.89 0.82 0.39 
 1.39 0.58 0.01 
 1.09 0.81 0.00 
 0.59 0.70 0.06 
 0.44 0.20 0.26 
 0.51 0.39 0.01 
 0.55 0.39 0.06 
 0.48 0.14 0.03 
 0.30 0.53 0.38 
 0.44 1.60 0.83 
 0.59 1.18 0.43 
 1.69 0.12 0.50 
 0.64 0.42 0.01 
 0.39 0.36 0.05 
 0.81 0.68 0.41 
 0.97 0.47 0.66 
 0.25 0.60 0.36 
 0.80 0.67 0.63 
 1.08 0.09 0.19 
 0.55 0.69 0.40 
 0.64 0.84 0.22 
 0.49 1.02 0.35 
 0.99 0.97 0.34 
 1.17 0.35 0.29 
 1.53 0.62 0.00 
 1.00 0.89 0.00 
 0.59 0.48 0.13 
 0.64 0.29 0.04 
 0.63 0.35 0.06 
 0.59 0.20 0.07 
 0.42 0.13 0.09 
 0.37 0.69 0.71 
 0.49 1.94 0.74 
 0.58 0.88 0.20 
 2.00 0.17 0.90 
 0.43 0.42 0.28 
 0.56 0.42 0.17 
 1.10 0.73 0.16 
 0.57 0.67 0.47 
 0.31 0.80 0.08 
 0.82 0.51 0.05 
 0.93 0.23 0.36 
 0.73 0.79 0.32 
 0.68 0.84 0.14 
 0.59 0.79 0.30 
 0.87 1.11 0.43 
 1.04 0.64 0.47 
 1.08 0.37 0.02 
 1.02 1.02 0.06 
 0.79 0.72 0.00 
 0.53 0.20 0.07 
 0.59 0.55 0.01 
 0.58 0.26 0.05 
 0.52 1.94 0.71 
 0.51 1.93 0.66 
 0.49 1.89 0.59 
 0.29 1.38 0.39 
 0.97 0.39 0.03 
 1.30 1.52 0.48 
 0.28 0.36 0.42 
 0.85 0.53 0.33 
 0.97 0.75 0.04 
 0.55 0.55 0.16 
 0.47 0.63 0.14 
 0.92 0.37 0.18 
 0.87 0.41 0.10 
 0.60 0.83 0.28 
 0.57 0.94 0.17 
 0.60 0.63 0.29 
 0.95 1.04 0.64 
 1.16 0.39 0.34 
 1.35 0.58 0.22 
 0.97 1.10 0.03 
 0.60 0.61 0.02 
 0.60 0.41 0.07 
 0.57 0.43 0.05 
 0.62 0.21 0.08 
 0.49 0.25 0.12 
 0.44 0.67 0.69 
 0.37 1.99 0.68 
 0.60 0.74 0.26 
 1.82 0.13 0.56 
 0.48 0.43 0.03 
 0.59 0.38 0.29 
 0.85 0.83 0.21 
 0.78 0.81 0.39 
 0.25 0.92 0.00 
 0.80 0.52 0.22 
 0.81 0.38 0.02 
 0.79 0.54 0.06 
 0.54 1.00 0.00 
 0.62 0.87 0.12 
 0.62 0.83 0.42 
 0.98 0.89 0.55 
 1.20 0.40 0.00 
 1.31 0.72 0.00 
 0.61 1.28 0.37 
 0.66 0.15 0.06 
 0.59 0.35 0.02 
 0.53 0.34 0.01 
 0.62 0.20 0.04 
 0.35 0.39 0.28 
 0.51 1.28 0.84 
 0.30 1.37 0.32 
 1.10 0.77 0.16 
 1.50 1.25 0.05 
 0.24 0.07 0.27 
 0.80 0.51 0.27 
 1.00 0.89 0.25 
 0.54 0.65 0.11 
 0.54 0.66 0.06 
 0.90 0.43 0.44 
 0.94 0.34 0.00 
 0.72 0.77 0.53 
 0.64 0.89 0.25 
 0.65 0.78 0.33 
 1.04 1.11 0.49 
 1.56 0.43 0.25 
 1.33 0.67 0.08 
 0.92 1.04 0.22 
 0.67 0.58 0.01 
 0.52 0.44 0.00 
 0.59 0.43 0.02 
 0.57 0.29 0.05 
 0.44 0.19 0.07 
 0.41 0.68 0.74 
 0.35 1.99 0.48 
 1.01 1.06 0.17 
 1.99 0.03 1.25 
 0.33 0.21 0.48 
 0.74 0.46 0.29 
 0.92 1.06 0.26 
 0.66 0.75 0.23 
 0.43 0.77 0.23 
 0.88 0.48 0.09 
 0.84 0.47 0.25 
 0.66 0.76 0.26 
 0.69 0.92 0.12 
 0.61 0.75 0.04 
 0.93 1.06 0.76 
 1.17 0.53 0.02 
 1.39 0.75 0.10 
 0.87 0.99 1.07 
 0.65 0.45 0.11 
 0.68 0.36 0.15 
 0.48 0.33 0.03 
 0.47 0.08 0.02 
 0.42 0.27 0.05 
 0.49 1.10 0.90 
 0.36 1.64 0.45 
 0.90 0.73 0.06 
 1.80 0.49 0.57 
 0.26 0.12 0.16 
 0.74 0.47 0.11 
 0.98 0.89 0.13 
 0.46 0.80 0.18 
 0.48 1.05 0.49 
 1.05 0.37 0.04 
 0.84 0.41 0.02 
 0.63 0.81 0.09 
 0.56 0.95 0.19 
 0.60 1.00 0.21 
 1.03 1.07 0.54 
 1.07 0.24 0.22 
 1.37 0.71 0.08 
 1.03 1.12 0.52 
 0.84 0.50 0.03 
 0.44 0.27 0.02 
 0.54 0.45 0.06 
 0.53 0.21 0.06 
 0.43 0.14 0.00 
 0.37 0.77 0.86 
 0.42 1.99 0.46 
 1.04 1.00 0.23 
 1.82 0.02 1.20 
 0.38 0.46 0.06 
 0.79 0.53 0.65 
 2.00 1.04 0.43 
 0.08 0.78 0.51 
 0.68 0.82 0.19 
 0.90 0.32 0.10 
 0.85 0.41 0.11 
 0.59 0.66 0.40 
 0.76 0.77 0.18 
 0.66 0.94 0.03 
 0.85 0.96 0.52 
 1.13 0.79 0.52 
 1.50 0.49 0.07 
 1.05 0.70 0.05 
 1.06 0.63 0.02 
 0.53 0.25 0.05 
 0.57 0.04 0.11 
 0.56 0.28 0.01 
 0.35 0.02 0.02 
 0.29 0.62 0.53 
 0.81 1.99 1.10 
 0.64 0.84 0.00 
 2.00 0.05 0.76 
 0.33 0.58 0.32 
 0.85 0.47 0.39 
 0.70 1.08 0.25 
 0.71 0.59 0.56 
 0.43 0.80 0.15 
 0.72 0.47 0.01 
 0.69 0.62 0.25 
 0.86 0.64 0.17 
 0.74 0.80 0.21 
 0.68 0.74 0.07 
 0.90 1.03 0.46 
 1.25 0.59 0.24 
 1.36 0.54 0.09 
 1.09 0.94 0.05 
 0.76 0.95 0.16 
 0.73 0.21 0.00 
 0.47 0.29 0.07 
 0.57 0.24 0.03 
 0.52 0.12 0.01 
 0.35 0.70 0.57 
 0.42 1.99 0.71 
 0.49 0.68 0.27 
 1.73 0.26 0.62 
 0.69 0.61 0.18 
 0.48 0.24 0.13 
 0.87 0.43 0.19 
 0.81 0.88 0.47 
 0.28 0.72 0.28 
 0.71 0.48 0.09 
 0.79 0.42 0.21 
 0.75 0.58 0.17 
 0.79 0.74 0.27 
 0.52 1.03 0.32 
 0.83 0.88 0.16 
 1.05 1.09 0.62 
 1.08 0.37 0.17 
 1.27 0.72 0.08 
 0.87 0.98 0.04 
 0.63 0.22 0.12 
 0.61 0.16 0.00 
 0.58 0.29 0.03 
 0.48 0.13 0.05 
 0.38 0.36 0.17 
 0.53 1.29 1.14 
 0.35 1.49 0.37 
 0.95 0.46 0.19 
 1.52 1.02 0.32 
 0.22 0.37 0.39 
 0.82 0.50 0.24 
 0.86 0.62 0.31 
 0.41 0.61 0.29 
 0.40 1.02 0.48 
 0.89 0.60 0.24 
 0.90 0.52 0.06 
 0.50 0.96 0.05 
 0.58 1.01 0.29 
 0.59 1.15 0.28 
 1.06 0.93 0.45 
 1.24 0.40 0.00 
 1.28 0.86 0.40 
 0.81 0.99 0.13 
 0.64 0.34 0.08 
 0.45 0.33 0.01 
 0.62 0.31 0.05 
 0.46 0.18 0.01 
 0.33 0.37 0.30 
 0.67 1.57 1.13 
 0.27 1.16 0.21 
 1.33 0.03 0.07 
 0.99 1.15 0.36 
 0.16 0.38 0.75 
 0.89 0.75 0.29 
 0.87 0.67 0.59 
 0.38 0.52 0.25 
 0.65 0.61 0.23 
 0.90 0.28 0.20 
 0.74 0.56 0.17 
 0.51 0.85 0.20 
 0.60 0.88 0.32 
 0.63 1.05 0.20 
 0.94 0.86 0.41 
 1.43 0.29 0.28 
 1.27 0.85 0.17 
 0.72 1.14 0.29 
 0.68 0.46 0.02 
 0.48 0.18 0.01 
 0.52 0.31 0.06 
 0.48 0.02 0.07 
 0.27 0.42 0.27 
 0.48 1.99 1.12 
 0.30 0.84 0.37 
 1.46 0.12 0.34 
 0.79 1.13 0.37 
 0.30 0.22 0.22 
 0.88 0.76 0.27 
 0.92 0.73 0.02 
 0.22 0.58 0.88 
 0.63 0.39 0.03 
 0.89 0.39 0.15 
 0.86 0.39 0.12 
 0.63 0.77 0.39 
 0.57 0.95 0.41 
 0.72 0.98 0.31 
 1.18 0.97 0.34 
 1.25 0.31 0.02 
 1.05 1.00 0.13 
 0.83 0.87 0.03 
 0.63 0.50 0.00 
 0.50 0.31 0.02 
 0.54 0.29 0.01 
 0.57 0.12 0.01 
 0.40 0.33 0.28 
 0.62 1.46 1.01 
 0.19 1.37 0.33 
 1.02 0.48 0.00 
 1.46 1.06 0.03 
 0.16 0.45 0.30 
 0.72 0.55 0.19 
 0.74 1.06 0.31 
 0.45 0.74 0.18 
 0.48 0.69 0.12 
 0.92 0.42 0.26 
 0.93 0.36 0.28 
 0.66 0.73 0.21 
 0.63 0.86 0.14 
 0.70 0.85 0.09 
 1.13 1.04 0.61 
 1.01 0.26 0.16 
 1.18 0.83 0.11 
 1.03 0.98 0.17 
 0.67 0.45 0.06 
 0.57 0.20 0.06 
 0.60 0.47 0.05 
 0.55 0.17 0.04 
 0.40 0.15 0.07 
 0.46 0.95 0.86 
 0.39 1.86 0.43 
 0.86 0.83 0.10 
 1.81 0.53 1.48 
 0.31 0.51 0.13 
 0.69 0.38 0.37 
 0.75 0.99 0.36 
 0.72 0.90 0.41 
 0.44 0.65 0.22 
 0.93 0.48 0.33 
 0.88 0.22 0.06 
 0.61 0.89 0.32 
 0.66 0.75 0.23 
 0.50 0.94 0.28 
 0.91 1.21 0.77 
 1.03 0.57 0.08 
 1.38 0.55 0.03 
 1.09 0.81 0.16 
 0.81 0.77 0.19 
 0.50 0.26 0.06 
 0.54 0.29 0.03 
 0.62 0.24 0.09 
 0.49 0.13 0.03 
 0.39 0.61 0.49 
 0.46 1.99 0.70 
 0.65 1.05 0.35 
 1.70 0.40 0.43 
 0.50 0.34 0.18 
 0.52 0.40 0.09 
 0.91 0.64 0.05 
 0.78 0.94 0.03 
 0.40 0.61 0.91 
 0.65 0.71 0.06 
 0.86 0.33 0.00 
 0.73 0.45 0.63 
 0.67 0.85 0.20 
 0.67 0.80 0.15 
 0.81 1.01 0.18 
 1.00 0.97 0.31 
 1.02 0.36 0.15 
 1.23 0.93 0.14 
 0.78 0.96 0.00 
 0.53 0.14 0.15 
 0.56 0.32 0.04 
 0.56 0.41 0.03 
 0.48 0.12 0.00 
 0.29 0.44 0.28 
 0.58 1.62 0.93 
 0.31 1.20 0.28 
 1.30 0.30 0.05 
 1.13 1.23 0.37 
 0.22 0.27 0.30 
 0.75 0.45 0.02 
 1.04 0.48 0.19 
 0.34 0.62 0.33 
 0.71 0.51 0.15 
 0.88 0.44 0.04 
 0.86 0.45 0.03 
 0.63 0.68 0.26 
 0.67 0.96 0.11 
 0.59 0.85 0.44 
 1.00 1.04 0.92 
 1.04 0.59 0.21 
 1.35 0.69 0.02 
 0.69 1.32 0.82 
 0.67 0.43 0.06 
 0.61 0.33 0.14 
 0.54 0.37 0.03 
 0.56 0.06 0.06 
 0.49 0.24 0.08 
 0.50 0.98 0.87 
 0.37 1.95 0.24 
 0.59 0.79 0.21 
 2.00 0.37 1.57 
 0.39 0.49 0.15 
 0.66 0.40 0.00 
 0.89 0.78 0.00 
 0.70 0.79 0.16 
 0.32 0.78 0.28 
 0.79 0.66 0.05 
 0.93 0.43 0.29 
 0.62 0.76 0.23 
 0.74 0.79 0.15 
 0.60 0.89 0.25 
 0.82 1.00 0.61 
 0.89 0.70 0.40 
 1.38 0.43 0.01 
 1.18 0.80 0.00 
 0.68 0.75 0.15 
 0.50 0.35 0.03 
 0.61 0.52 0.02 
 0.61 0.22 0.07 
 0.54 0.18 0.08 
 0.33 0.42 0.33 
 0.52 1.60 0.86 
 0.30 1.19 0.44 
 1.23 0.71 0.13 
 1.16 1.42 0.24 
 0.04 0.33 0.59 
 0.70 0.75 0.11 
 0.93 0.66 0.06 
 0.57 0.95 0.37 
 0.47 0.54 0.32 
 1.08 0.39 0.29 
 0.65 0.43 0.56 
 0.71 0.96 0.18 
 0.66 0.84 0.19 
 0.88 1.00 0.23 
 1.19 0.69 0.68 
 0.89 0.33 0.17 
 1.11 0.88 0.15 
 0.52 0.69 0.26 
 0.57 0.42 0.01 
 0.59 0.20 0.02 
 0.47 0.42 0.01 
 0.43 0.16 0.02 
 0.33 0.30 0.25 
 0.72 1.48 1.28 
 0.55 1.19 0.57 
 1.20 0.17 0.19 
 1.19 0.91 0.64 
 0.28 0.34 0.09 
 0.79 0.68 0.00 
 0.83 0.73 0.53 
 0.21 0.66 1.09 
 0.62 0.78 0.41 
 0.89 0.48 0.08 
 0.88 0.51 0.16 
 0.72 0.74 0.35 
 0.69 0.73 0.14 
 0.65 0.80 0.23 
 0.89 0.98 0.55 
 1.15 0.71 0.07 
 1.50 0.68 0.29 
 1.11 1.08 0.11 
 0.76 0.58 0.12 
 0.57 0.32 0.03 
 0.54 0.33 0.06 
 0.64 0.23 0.09 
 0.49 0.13 0.05 
 0.35 0.57 0.53 
 0.35 1.86 0.63 
 0.42 1.19 0.31 
 1.47 0.38 0.58 
 0.81 0.59 0.21 
 0.43 0.29 0.16 
 0.73 0.81 0.34 
 0.81 0.73 0.47 
 0.29 0.71 0.56 
 0.67 0.62 0.29 
 1.03 0.27 0.10 
 0.81 0.58 0.11 
 0.51 0.87 0.04 
 0.64 0.88 0.20 
 0.74 0.92 0.45 
 1.13 1.15 0.57 
 1.33 0.36 0.35 
 1.21 0.83 0.09 
 0.81 0.96 0.54 
 0.66 0.38 0.00 
 0.61 0.26 0.09 
 0.61 0.40 0.00 
 0.53 0.18 0.08 
 0.40 0.32 0.21 
 0.47 1.25 0.84 
 0.36 1.45 0.30 
 1.31 0.63 0.34 
 1.02 0.84 0.06 
 0.30 0.17 0.08 
 0.88 0.76 0.34 
 0.83 0.78 0.28 
 0.43 0.89 0.00 
 0.54 0.88 0.01 
 0.90 0.27 0.20 
 0.76 0.57 0.33 
 0.59 0.79 0.29 
 0.79 0.80 0.16 
 0.64 0.87 0.34 
 0.90 1.00 0.81 
 1.26 0.54 0.29 
 1.52 0.66 0.13 
 1.13 0.90 0.28 
 0.80 0.56 0.06 
 0.57 0.28 0.23 
 0.56 0.35 0.00 
 0.57 0.16 0.05 
 0.48 0.18 0.04 
 0.44 0.70 0.56 
 0.34 1.99 0.53 
 0.62 1.08 0.31 
 1.85 0.20 0.89 
 0.56 0.51 0.12 
 0.60 0.27 0.30 
 0.82 1.08 0.57 
 0.80 0.60 0.66 
 0.36 0.55 0.63 
 0.90 0.38 0.10 
 1.12 0.30 0.31 
 0.61 0.74 0.41 
 0.71 0.81 0.16 
 0.47 0.91 0.21 
 0.81 1.10 0.29 
 1.10 0.59 0.50 
 1.29 0.38 0.10 
 1.00 0.85 0.12 
 0.51 0.92 0.40 
 0.68 0.41 0.04 
 0.52 0.37 0.04 
 0.56 0.27 0.06 
 0.54 0.17 0.05 
 0.31 0.46 0.33 
 0.40 1.99 0.46 
 0.27 0.76 0.37 
 1.74 0.30 0.51 
 0.96 0.79 0.02 
 0.38 0.07 0.06 
 0.82 1.08 0.44 
 0.84 0.82 0.18 
 0.50 0.52 0.26 
 0.76 0.48 0.18 
 1.04 0.30 0.03 
 0.65 0.63 0.22 
 0.71 0.89 0.06 
 0.53 0.88 0.30 
 0.78 0.70 0.39 
 0.98 1.15 0.61 
 0.81 0.36 0.06 
 1.19 0.84 0.02 
 1.05 0.97 0.45 
 0.64 0.66 0.06 
 0.43 0.16 0.11 
 0.56 0.35 0.06 
 0.56 0.13 0.02 
 0.38 0.23 0.19 
 0.58 1.00 0.81 
 0.17 1.81 0.43 
 0.95 0.70 0.19 
 1.81 0.37 2.00 
 0.01 0.48 0.10 
 0.85 0.25 0.16 
 1.16 0.58 0.47 
 0.37 0.61 0.34 
 0.60 0.75 0.10 
 0.95 0.40 0.21 
 0.72 0.67 0.15 
 0.59 0.76 0.23 
 0.42 0.98 0.03 
 0.76 0.87 0.37 
 1.01 1.07 0.35 
 1.01 0.53 0.02 
 1.38 0.98 0.24 
 0.66 1.13 0.81 
 0.67 0.50 0.13 
 0.55 0.37 0.02 
 0.60 0.28 0.03 
 0.59 0.05 0.03 
 0.39 0.30 0.28 
 0.55 1.53 1.02 
 0.26 1.29 0.21 
 1.11 0.63 0.38 
 1.68 0.36 1.45 
 0.06 0.63 0.26 
 0.81 0.58 0.13 
 0.82 0.67 0.26 
 0.49 0.86 0.07 
 0.37 0.81 0.41 
 0.85 0.51 0.01 
 0.78 0.39 0.05 
 0.58 0.82 0.23 
 0.86 0.68 0.19 
 0.74 0.81 0.20 
 0.83 0.71 0.41 
 1.04 1.53 0.74 
 1.12 0.30 0.12 
 1.26 0.49 0.25 
 0.76 1.25 0.43 
 0.82 0.60 0.04 
 0.59 0.39 0.18 
 0.56 0.43 0.03 
 0.65 0.18 0.12 
 0.45 0.19 0.14 
 0.43 0.86 0.49 
 0.30 1.77 0.27 
 0.51 1.09 0.08 
 2.00 0.14 1.11 
 0.50 0.20 0.15 
 0.48 0.31 0.01 
 0.88 1.22 0.78 
 0.76 0.53 0.77 
 0.38 0.66 0.24 
 0.87 0.38 0.10 
 1.05 0.21 0.15 
 0.60 0.80 0.50 
 0.76 0.77 0.11 
 0.58 0.94 0.04 
 0.74 1.02 0.18 
 1.12 0.75 0.61 
 1.19 0.32 0.28 
 1.20 0.70 0.27 
 0.72 0.76 0.06 
 0.62 0.48 0.07 
 0.50 0.40 0.13 
 0.50 0.38 0.09 
 0.49 0.13 0.12 
 0.39 0.31 0.24 
 0.43 0.94 0.78 
 0.55 1.84 0.40 
 0.74 0.58 0.14 
 1.98 0.23 1.50 
 0.23 0.25 0.06 
 0.66 0.51 0.19 
 1.21 0.64 0.30 
 0.09 0.88 0.75 
 0.44 0.97 0.16 
 0.87 0.59 0.16 
 0.95 0.33 0.30 
 0.69 0.65 0.48 
 0.67 0.80 0.25 
 0.54 0.87 0.34 
 0.95 1.04 0.73 
 0.86 0.67 0.05 
 1.39 0.55 0.05 
 0.87 1.00 0.25 
 0.67 0.59 0.00 
 0.52 0.35 0.13 
 0.61 0.46 0.02 
 0.60 0.13 0.02 
 0.49 0.09 0.11 
 0.43 0.60 0.45 
 0.41 1.98 0.68 
 0.57 1.45 0.15 
 1.79 0.03 1.07 
 0.55 0.27 0.02 
 0.52 0.20 0.00 
 0.87 1.14 0.41 
 0.82 0.52 0.66 
 0.39 0.64 0.66 
 0.76 0.73 0.33 
 1.03 0.22 0.19 
 0.81 0.73 0.04 
 0.66 0.82 0.06 
 0.58 1.00 0.14 
 0.82 0.92 0.05 
 0.96 1.00 0.64 
 1.32 0.23 0.17 
 1.23 0.90 0.14 
 0.82 0.93 0.09 
 0.62 0.44 0.02 
 0.59 0.32 0.16 
 0.60 0.47 0.09 
 0.62 0.18 0.05 
 0.36 0.35 0.25 
 0.47 0.98 0.64 
 0.34 1.65 0.32 
 0.63 1.03 0.28 
 1.55 0.15 0.82 
 0.56 0.47 0.10 
 0.60 0.42 0.04 
 0.77 0.70 0.37 
 0.85 0.71 0.57 
 0.45 0.67 0.64 
 0.82 0.57 0.05 
 0.76 0.42 0.09 
 0.94 0.24 0.02 
 0.62 0.82 0.13 
 0.76 0.81 0.17 
 0.72 0.74 0.01 
 1.00 0.94 0.72 
 1.21 0.52 0.52 
 1.29 0.45 0.21 
 1.06 1.11 0.21 
 0.94 0.68 0.22 
 0.31 0.28 0.07 
 0.48 0.42 0.04 
 0.53 0.33 0.01 
 0.52 0.12 0.04 
 0.36 0.45 0.37 
 0.55 1.81 0.86 
 0.33 0.93 0.32 
 1.31 0.38 0.32 
 0.80 1.07 0.11 
 0.31 0.18 0.12 
 0.90 0.58 0.17 
 0.87 0.78 0.43 
 0.24 0.74 0.14 
 0.69 0.63 0.00 
 0.99 0.30 0.14 
 0.70 0.63 0.04 
 0.64 0.79 0.08 
 0.57 0.97 0.07 
 0.66 0.70 0.33 
 0.88 1.00 0.71 
 0.84 0.73 0.06 
 1.39 0.55 0.16 
 0.82 1.22 0.24 
 0.69 0.38 0.04 
 0.67 0.39 0.04 
 0.63 0.48 0.03 
 0.57 0.10 0.05 
 0.41 0.21 0.05 
 0.41 0.88 0.71 
 0.43 1.83 0.44 
 1.02 1.47 0.32 
 1.45 0.16 1.26 
 0.53 0.35 0.07 
 0.67 0.66 0.01 
 0.74 0.94 0.12 
 1.00 0.56 0.09 
 0.51 0.66 0.35 
 0.72 0.41 0.04 
 0.98 0.40 0.25 
 0.77 0.76 0.11 
 0.64 0.76 0.18 
 0.56 1.03 0.09 
 0.64 0.82 0.28 
 1.10 1.03 0.47 
 1.61 0.29 0.05 
 1.17 0.94 0.08 
 0.82 1.23 0.31 
 0.48 0.32 0.08 
 0.47 0.33 0.03 
 0.60 0.36 0.07 
 0.61 0.25 0.09 
 0.36 0.40 0.21 
 0.44 1.21 0.71 
 0.41 1.42 0.19 
 0.80 0.88 0.22 
 1.96 0.59 1.17 
 0.30 0.28 0.26 
 0.64 0.64 0.06 
 1.01 0.86 0.35 
 0.73 0.91 0.14 
 0.21 0.97 0.27 
 0.86 0.46 0.12 
 0.95 0.26 0.23 
 0.62 0.73 0.46 
 0.74 0.75 0.22 
 0.52 0.92 0.27 
 0.83 0.95 0.40 
 1.35 0.87 0.60 
 1.22 0.46 0.22 
 1.11 0.85 0.02 
 0.58 0.60 0.05 
 0.61 0.39 0.02 
 0.60 0.37 0.09 
 0.67 0.18 0.08 
 0.54 0.14 0.07 
 0.40 0.40 0.45 
 0.51 1.75 0.84 
 0.44 1.16 0.43 
 1.24 0.48 0.42 
 1.28 1.01 0.22 
 0.14 0.38 0.38 
 0.80 0.74 0.45 
 0.84 0.66 0.49 
 0.53 0.71 0.27 
 0.61 0.75 0.07 
 0.94 0.43 0.14 
 0.82 0.38 0.04 
 0.53 0.73 0.24 
 0.75 0.80 0.25 
 0.55 0.75 0.27 
 0.92 0.95 0.31 
 0.86 0.93 0.46 
 0.95 0.41 0.01 
 0.81 1.26 0.12 
 0.86 0.79 0.50 
 0.63 0.44 0.05 
 0.64 0.34 0.15 
 0.56 0.29 0.07 
 0.57 0.18 0.07 
 0.35 0.31 0.26 
 0.52 1.25 0.90 
 0.33 1.39 0.42 
 0.95 0.69 0.27 
 1.68 0.55 1.11 
 0.21 0.59 0.22 
 0.80 0.50 0.00 
 1.09 0.58 0.12 
 0.50 0.73 0.28 
 0.44 0.82 0.07 
 0.84 0.47 0.13 
 0.96 0.21 0.52 
 0.71 0.69 0.59 
 0.64 0.90 0.14 
 0.56 0.69 0.11 
 0.97 0.77 0.55 
 1.30 0.77 0.83 
 1.15 0.43 0.06 
 1.06 1.08 0.11 
 0.90 0.80 0.03 
 0.52 0.30 0.02 
 0.69 0.21 0.02 
 0.50 0.24 0.05 
 0.52 0.19 0.04 
 0.37 0.45 0.47 
 0.51 1.92 0.88 
 0.32 0.98 0.30 
 1.07 0.23 0.23 
 1.27 1.37 0.48 
 0.14 0.35 0.25 
 0.90 0.69 0.66 
 0.99 0.57 0.34 
 0.45 0.71 0.26 
 0.47 0.80 0.11 
 0.93 0.42 0.17 
 0.96 0.21 0.13 
 0.56 0.71 0.34 
 0.70 0.89 0.13 
 0.59 1.17 0.21 
 0.82 0.67 0.47 
 1.19 0.84 0.60 
 1.35 0.51 0.12 
 1.01 1.00 0.12 
 0.63 0.65 0.36 
 0.49 0.21 0.08 
 0.53 0.28 0.02 
 0.53 0.31 0.05 
 0.51 0.17 0.06 
 0.33 0.53 0.48 
 0.43 1.99 0.77 
 0.43 1.00 0.41 
 2.00 0.35 0.35 
 0.56 0.30 0.09 
 0.48 0.19 0.08 
 1.11 0.99 0.19 
 0.65 0.90 0.06 
 0.32 0.72 0.15 
 0.93 0.46 0.37 
 0.99 0.13 0.01 
 0.66 0.74 0.21 
 0.72 0.73 0.26 
 0.55 0.91 0.18 
 0.66 1.04 0.40 
 1.12 0.69 0.37 
 1.28 0.57 0.20 
 1.07 1.05 0.14 
 0.73 0.96 0.15 
 0.61 0.22 0.04 
 0.60 0.39 0.07 
 0.66 0.32 0.00 
 0.53 0.21 0.07 
 0.31 0.57 0.37 
 0.48 1.62 0.72 
 0.27 1.28 0.35 
 0.99 0.47 0.23 
 1.69 1.25 0.11 
 0.20 0.19 0.12 
 0.85 0.77 0.54 
 1.02 0.62 0.30 
 0.61 0.78 0.33 
 0.44 0.76 0.15 
 0.87 0.40 0.18 
 0.74 0.51 0.05 
 0.79 0.61 0.24 
 0.78 0.89 0.15 
 0.68 1.19 0.38 
 0.87 0.74 0.56 
 0.88 0.99 0.34 
 0.86 0.18 0.08 
 0.97 0.72 0.06 
 0.87 1.08 0.09 
 0.71 0.60 0.02 
 0.58 0.34 0.11 
 0.53 0.28 0.01 
 0.58 0.25 0.06 
 0.46 0.25 0.17 
 0.55 1.12 0.77 
 0.31 1.64 0.34 
 0.99 0.56 0.22 
 1.37 0.41 0.74 
 0.14 0.52 0.36 
 0.74 0.75 0.08 
 1.08 0.77 0.46 
 0.43 0.75 0.11 
 0.68 0.76 0.30 
 0.88 0.44 0.25 
 0.97 0.18 0.11 
 0.63 0.79 0.13 
 0.70 0.76 0.26 
 0.48 0.95 0.08 
 0.66 1.18 0.51 
 1.08 0.51 0.66 
 1.31 0.40 0.00 
 0.99 1.14 0.25 
 0.88 0.82 0.14 
 0.53 0.27 0.05 
 0.54 0.42 0.10 
 0.59 0.27 0.06 
 0.54 0.16 0.07 
 0.37 0.57 0.36 
 0.43 1.90 0.65 
 0.28 0.99 0.35 
 1.24 0.59 0.20 
 0.98 0.88 0.01 
 0.25 0.54 0.20 
 0.87 0.93 0.61 
 1.01 0.47 0.22 
 0.37 0.81 0.42 
 0.57 0.66 0.07 
 0.84 0.26 0.15 
 0.89 0.37 0.08 
 0.54 0.59 0.29 
 0.75 0.71 0.25 
 0.47 1.00 0.18 
 0.90 1.01 0.57 
 1.08 0.78 0.24 
 1.01 0.17 0.15 
 0.71 0.90 0.25 
 0.89 0.84 0.22 
 0.56 0.40 0.09 
 0.53 0.40 0.09 
 0.55 0.32 0.09 
 0.55 0.19 0.06 
 0.33 0.36 0.35 
 0.52 1.50 0.82 
 0.28 1.35 0.35 
 0.99 0.67 0.01 
 1.57 0.97 0.08 
 0.06 0.45 0.24 
 0.87 0.46 0.33 
 0.99 0.99 0.19 
 0.55 0.77 0.00 
 0.36 0.73 0.37 
 0.79 0.48 0.37 
 0.90 0.19 0.24 
 0.56 0.83 0.52 
 0.77 0.76 0.15 
 0.58 0.91 0.03 
 0.94 0.72 0.14 
 0.99 1.14 0.81 
 0.93 0.20 0.02 
 1.35 0.72 0.04 
 0.79 0.69 0.51 
 0.81 0.66 0.07 
 0.55 0.31 0.08 
 0.55 0.34 0.11 
 0.55 0.21 0.05 
 0.32 0.36 0.20 
 0.42 1.15 0.81 
 0.37 1.73 0.39 
 0.65 0.72 0.22 
 1.97 0.31 1.14 
 0.27 0.56 0.01 
 0.64 0.34 0.51 
 0.71 0.84 0.10 
 0.72 0.79 0.17 
 0.35 0.62 0.78 
 0.80 0.62 0.14 
 0.91 0.60 0.12 
 0.81 0.69 0.07 
 0.75 0.84 0.15 
 0.54 0.97 0.20 
 0.76 0.74 0.34 
 0.81 1.21 0.42 
 1.22 0.34 0.08 
 1.20 0.65 0.14 
 0.50 1.34 0.35 
 0.55 0.55 0.39 
 0.63 0.39 0.06 
 0.57 0.25 0.09 
 0.57 0.27 0.09 
 0.40 0.34 0.20 
 0.43 1.11 0.82 
 0.41 1.82 0.26 
 0.76 0.57 0.19 
 1.98 0.57 0.72 
 0.29 0.37 0.22 
 0.72 0.64 0.48 
 0.85 0.44 0.51 
 0.66 0.91 0.07 
 0.37 0.75 0.39 
 0.79 0.50 0.04 
 0.93 0.21 0.27 
 0.80 0.64 0.42 
 0.72 0.76 0.17 
 0.63 1.08 0.21 
 0.75 0.73 0.41 
 0.93 1.25 0.40 
 1.11 0.44 0.08 
 1.19 0.67 0.12 
 0.94 1.03 0.56 
 0.52 0.39 0.13 
 0.51 0.31 0.10 
 0.59 0.27 0.00 
 0.62 0.12 0.11 
 0.37 0.31 0.27 
 0.47 1.24 0.68 
 0.34 1.44 0.13 
 1.05 1.02 0.25 
 1.76 0.35 0.92 
 0.06 0.22 0.20 
 0.83 0.60 0.48 
 1.00 0.78 0.04 
 0.48 0.96 0.10 
 0.33 0.83 0.25 
 0.89 0.52 0.02 
 0.57 0.57 0.06 
 0.78 0.73 0.19 
 0.80 0.79 0.16 
 0.49 0.99 0.09 
 0.90 0.80 0.47 
 1.09 0.71 0.31 
 1.44 0.41 0.04 
 0.85 0.84 0.29 
 0.72 0.87 0.09 
 0.61 0.34 0.02 
 0.56 0.40 0.09 
 0.58 0.31 0.05 
 0.57 0.26 0.09 
 0.30 0.56 0.45 
 0.57 1.91 0.93 
 0.52 0.87 0.11 
 1.54 0.31 0.26 
 0.79 0.65 0.10 
 0.39 0.77 0.79 
 0.81 0.54 0.11 
 0.78 0.94 0.16 
 0.24 0.71 0.23 
 0.80 0.54 0.01 
 0.82 0.48 0.13 
 0.69 0.63 0.28 
 0.60 0.78 0.12 
 0.68 0.83 0.24 
 0.71 0.80 0.35 
 0.85 1.10 0.62 
 0.97 0.38 0.08 
 1.15 0.67 0.06 
 0.79 1.13 0.04 
 0.72 0.75 0.02 
 0.60 0.37 0.02 
 0.54 0.38 0.12 
 0.61 0.25 0.07 
 0.46 0.22 0.14 
 0.47 0.78 0.55 
 0.41 1.77 0.50 
 0.48 0.89 0.20 
 2.00 0.55 0.86 
 0.40 0.41 0.35 
 0.50 0.31 0.68 
 1.08 0.66 0.15 
 0.72 0.80 0.15 
 0.28 0.72 0.59 
 0.71 0.78 0.26 
 0.95 0.29 0.08 
 0.74 0.57 0.30 
 0.71 0.75 0.01 
 0.54 0.82 0.14 
 0.66 0.89 0.34 
 1.05 1.14 0.59 
 1.19 0.12 0.15 
 1.29 0.66 0.06 
 0.92 0.58 0.18 
 0.80 0.44 0.22 
 0.48 0.49 0.01 
 0.51 0.33 0.14 
 0.62 0.18 0.01 
 0.39 0.22 0.15 
 0.49 0.85 0.93 
 0.40 1.86 0.37 
 0.92 0.54 0.17 
 1.75 0.35 1.32 
 0.34 0.43 0.11 
 0.75 0.77 0.43 
 1.22 0.45 0.00 
 0.63 0.75 0.02 
 0.47 0.61 0.42 
 1.00 0.38 0.03 
 0.78 0.59 0.03 
 0.70 0.82 0.28 
 0.77 0.83 0.38 
 0.68 0.78 0.28 
 0.96 0.97 0.74 
 1.17 0.54 0.41 
 1.38 0.61 0.11 
 1.12 1.09 0.11 
 0.71 0.58 0.16 
 0.69 0.18 0.17 
 0.64 0.46 0.00 
 0.63 0.29 0.14 
 0.53 0.21 0.06 
 0.30 0.52 0.52 
 0.42 1.92 0.59 
 0.67 1.08 0.30 
 1.86 0.56 0.71 
 0.38 0.49 0.29 
 0.56 0.51 0.63 
 0.87 0.46 0.14 
 0.67 1.13 0.15 
 0.21 0.84 0.32 
 0.92 0.29 0.03 
 0.75 0.35 0.17 
 0.73 0.63 0.41 
 0.75 0.64 0.22 
 0.61 0.92 0.04 
 0.88 0.99 0.37 
 1.21 1.00 0.68 
 1.16 0.33 0.01 
 1.24 0.84 0.02 
 0.96 0.92 0.90 
 0.63 0.31 0.00 
 0.51 0.33 0.01 
 0.51 0.27 0.16 
 0.51 0.15 0.01 
 0.34 0.39 0.29 
 0.71 1.79 1.25 
 0.41 1.05 0.34 
 1.25 0.25 0.44 
 0.68 0.69 0.30 
 0.24 0.31 0.26 
 0.74 0.74 0.04 
 0.81 0.85 0.54 
 0.17 0.82 0.27 
 0.64 0.73 0.15 
 0.97 0.43 0.06 
 0.78 0.80 0.12 
 0.47 0.87 0.16 
 0.69 0.81 0.30 
 0.67 1.24 0.29 
 1.33 1.09 0.69 
 1.26 0.09 0.14 
 0.94 0.84 0.17 
 1.01 1.05 0.12 
 0.51 0.63 0.00 
 0.54 0.27 0.12 
 0.52 0.44 0.06 
 0.52 0.22 0.02 
 0.33 0.23 0.22 
 0.56 1.37 0.91 
 0.37 1.30 0.49 
 0.99 0.35 0.08 
 1.81 0.77 1.74 
 0.04 0.21 0.34 
 0.73 1.03 0.47 
 1.15 0.52 0.08 
 0.20 0.86 0.33 
 0.53 0.68 0.05 
 0.88 0.36 0.05 
 0.73 0.92 0.01 
 0.62 0.83 0.18 
 0.65 0.84 0.22 
 0.60 1.00 0.19 
 0.96 0.83 0.70 
 1.04 0.57 0.38 
 1.28 0.39 0.12 
 1.09 0.83 0.22 
 0.73 0.64 0.29 
 0.56 0.39 0.12 
 0.57 0.29 0.04 
 0.55 0.16 0.00 
 0.46 0.09 0.07 
 0.36 0.71 0.60 
 0.58 1.99 0.84 
 1.11 0.59 0.10 
 1.31 0.26 0.70 
 0.41 0.58 0.15 
 0.55 1.13 0.63 
 1.00 0.81 0.19 
 0.65 0.88 0.19 
 0.44 0.68 0.03 
 0.91 0.44 0.12 
 1.02 0.14 0.44 
 0.71 0.66 0.25 
 0.60 0.79 0.23 
 0.58 1.00 0.17 
 0.84 1.14 0.56 
 1.08 0.76 0.43 
 1.34 0.28 0.07 
 1.25 0.82 0.09 
 0.78 0.86 0.14 
 0.71 0.39 0.05 
 0.59 0.43 0.00 
 0.61 0.30 0.05 
 0.53 0.18 0.03 
 0.36 0.45 0.35 
 0.55 1.73 0.77 
 0.22 1.02 0.38 
 1.13 0.67 0.00 
 1.06 1.08 0.11 
 0.12 0.27 0.10 
 0.93 0.61 0.27 
 1.03 0.61 0.06 
 0.43 0.67 0.25 
 0.48 0.87 0.03 
 0.96 0.43 0.02 
 0.85 0.34 0.32 
 0.49 0.88 0.04 
 0.65 0.70 0.19 
 0.56 0.78 0.22 
 1.03 0.86 0.53 
 0.92 0.67 0.21 
 1.55 0.40 0.15 
 1.10 1.03 0.00 
 0.74 0.66 0.88 
 0.68 0.30 0.01 
 0.54 0.29 0.08 
 0.57 0.30 0.09 
 0.53 0.23 0.04 
 0.34 0.62 0.43 
 0.43 1.89 0.74 
 0.17 0.72 0.32 
 1.32 0.57 0.17 
 0.99 1.21 0.32 
 0.31 0.35 0.27 
 0.91 0.80 0.49 
 0.84 0.63 0.52 
 0.64 0.60 0.12 
 0.73 0.63 0.03 
 0.79 0.45 0.13 
 0.81 0.56 0.39 
 0.67 0.69 0.19 
 0.55 0.77 0.29 
 0.62 0.81 0.23 
 0.63 0.56 0.42 
 0.79 0.97 0.46 
 0.97 0.79 0.40 
 1.16 0.33 0.22 
 1.17 0.76 0.02 
 0.79 0.59 0.23 
 0.62 0.49 0.14 
 0.58 0.53 0.21 
 0.70 0.22 0.13 
 0.75 0.59 0.01 
 0.54 0.93 0.13 
 1.04 0.54 0.24 
 0.61 0.44 0.24 
 0.86 0.60 0.32 
 0.62 0.63 0.19 
 0.90 0.60 0.30 
 0.63 0.82 0.18 
 0.65 0.57 0.16 
 0.75 0.53 0.24 
 0.74 0.65 0.22 
 0.66 0.85 0.01 
 0.79 0.60 0.15 
 0.76 0.59 0.31 
 0.85 0.41 0.20 
 0.80 0.44 0.24 
 0.71 0.69 0.16 
 0.78 0.51 0.23 
 0.75 0.60 0.32 
 0.76 0.57 0.20 
 0.76 0.57 0.24 
 0.75 0.60 0.20 
 0.73 0.64 0.18 
 0.79 0.58 0.22 
 0.79 0.54 0.22 
 0.75 0.59 0.17 
 0.74 0.60 0.22 
 0.76 0.60 0.21 
 0.77 0.59 0.20 
 0.78 0.57 0.16 
 0.77 0.59 0.18 
 0.78 0.58 0.20 
 0.78 0.57 0.20 
 0.77 0.59 0.19 
 0.77 0.59 0.18 
 0.78 0.59 0.17 
 0.78 0.58 0.16 
 0.78 0.58 0.18 
 0.78 0.58 0.19 
 