0.71 0.87 0.52 
 0.67 0.61 0.18 
 0.56 0.83 0.09 
 0.66 0.56 0.28 
 0.70 0.70 0.22 
 0.93 0.68 0.27 
 0.76 0.75 0.18 
 0.56 0.67 0.26 
 0.70 0.67 0.30 
 0.65 0.62 0.24 
 0.83 0.79 0.24 
 0.96 0.69 0.08 
 1.25 0.28 0.09 
 0.74 0.32 0.22 
 0.92 0.30 0.11 
 0.85 0.37 0.07 
 0.78 0.43 0.12 
 0.82 0.50 0.11 
 0.81 0.47 0.09 
 0.88 0.50 0.06 
 0.85 0.55 0.02 
 0.82 0.52 0.08 
 0.76 0.61 0.00 
 0.76 0.57 0.09 
 0.81 0.66 0.03 
 0.77 0.70 0.00 
 0.60 0.78 0.05 
 0.69 0.76 0.00 
 0.66 0.78 0.02 
 0.97 0.77 0.02 
 0.69 0.76 0.00 
 0.68 0.72 0.00 
 0.54 0.70 0.00 
 0.59 0.73 0.04 
 0.51 0.73 0.04 
 0.47 0.84 0.00 
 0.49 0.70 0.05 
 0.45 0.79 0.07 
 0.40 0.79 0.09 
 0.42 0.97 0.05 
 0.42 1.14 0.01 
 0.67 0.91 0.27 
 1.16 0.52 0.27 
 0.59 0.35 0.26 
 0.89 0.71 0.35 
 0.55 1.04 0.07 
 0.73 0.53 0.17 
 0.76 0.65 0.13 
 0.64 0.81 0.18 
 0.73 0.61 0.22 
 0.77 0.67 0.14 
 0.69 0.66 0.11 
 0.76 0.61 0.16 
 0.77 0.62 0.13 
 0.76 0.64 0.16 
 0.74 0.62 0.22 
 0.63 0.62 0.19 
 0.72 0.62 0.14 
 0.63 0.88 0.18 
 0.31 0.47 0.21 
 0.84 0.47 0.06 
 0.85 0.45 0.03 
 0.76 0.48 0.14 
 0.72 0.56 0.14 
 0.88 0.63 0.00 
 0.86 0.49 0.11 
 0.80 0.57 0.17 
 0.82 0.49 0.11 
 0.79 0.51 0.21 
 1.10 0.49 0.05 
 0.95 0.51 0.29 
 0.82 0.55 0.23 
 0.80 0.45 0.25 
 0.92 0.34 0.24 
 0.84 0.33 0.24 
 0.93 0.49 0.15 
 0.84 0.53 0.23 
 0.83 0.52 0.28 
 0.85 0.55 0.24 
 0.82 0.46 0.26 
 0.81 0.62 0.26 
 0.69 0.72 0.20 
 0.74 0.72 0.10 
 0.88 0.90 0.03 
 1.00 0.91 0.34 
 1.47 0.54 0.36 
 0.64 0.69 0.18 
 0.80 0.86 0.18 
 0.58 0.43 0.09 
 0.59 0.21 0.09 
 0.62 0.11 0.05 
 0.49 0.75 0.08 
 0.49 0.55 0.05 
 0.52 1.00 0.26 
 0.56 1.04 0.28 
 0.52 0.85 0.37 
 0.77 0.43 0.06 
 1.61 1.03 0.02 
 0.64 0.04 0.36 
 0.90 0.15 0.46 
 0.75 1.01 0.60 
 0.70 0.64 0.11 
 0.68 0.46 0.26 
 0.79 0.61 0.46 
 0.76 0.57 0.20 
 0.83 0.50 0.21 
 0.72 0.59 0.23 
 0.82 0.63 0.22 
 0.74 0.66 0.24 
 0.79 0.77 0.24 
 0.86 0.91 0.09 
 0.88 0.86 0.03 
 1.05 0.60 0.39 
 1.24 0.55 0.28 
 0.41 1.64 0.06 
 0.77 1.25 0.19 
 0.50 0.16 0.06 
 0.62 0.06 0.06 
 0.58 0.21 0.07 
 0.48 0.80 0.15 
 0.54 0.90 0.07 
 0.59 1.03 0.26 
 0.61 1.12 0.54 
 0.63 0.50 0.35 
 2.00 0.68 0.07 
 0.53 0.14 0.19 
 0.71 0.36 0.47 
 0.60 1.03 0.26 
 0.84 0.59 0.25 
 0.76 0.39 0.29 
 0.75 0.42 0.14 
 0.85 0.44 0.22 
 0.64 0.59 0.19 
 0.72 0.74 0.26 
 0.77 0.73 0.13 
 0.76 0.90 0.21 
 0.90 1.04 0.03 
 0.99 0.65 0.17 
 1.52 0.40 0.36 
 1.47 0.62 0.18 
 0.97 0.75 0.00 
 0.57 0.34 0.06 
 0.52 0.20 0.12 
 0.60 0.02 0.06 
 0.54 0.33 0.05 
 0.53 0.79 0.26 
 0.55 1.02 0.04 
 0.52 1.51 0.25 
 0.65 0.78 0.04 
 1.72 0.44 0.39 
 0.79 0.18 0.62 
 0.72 0.02 0.26 
 0.55 1.11 0.65 
 0.72 0.74 0.23 
 0.61 0.59 0.60 
 0.56 0.59 0.35 
 0.82 0.55 0.06 
 0.80 0.50 0.12 
 0.63 0.69 0.31 
 0.80 0.77 0.16 
 0.82 0.89 0.10 
 0.86 1.05 0.06 
 0.96 0.89 0.00 
 1.35 0.37 0.36 
 1.04 0.66 0.17 
 0.62 1.11 0.21 
 0.82 0.41 0.07 
 0.42 0.13 0.10 
 0.46 0.05 0.16 
 0.51 0.12 0.05 
 0.50 0.76 0.29 
 0.53 1.29 0.34 
 0.72 1.48 0.15 
 0.13 0.71 0.23 
 1.59 0.16 0.17 
 0.93 0.70 0.51 
 0.79 0.30 0.16 
 0.61 0.60 0.99 
 0.56 0.89 0.01 
 1.02 0.26 0.75 
 0.93 0.67 0.20 
 0.65 0.60 0.19 
 0.80 0.60 0.13 
 0.60 0.72 0.17 
 0.80 0.74 0.15 
 0.79 0.83 0.12 
 0.93 1.01 0.03 
 0.88 0.96 0.11 
 1.16 0.65 0.21 
 1.88 0.61 0.46 
 0.54 0.96 0.55 
 0.69 0.40 0.16 
 0.44 0.19 0.06 
 0.54 0.01 0.16 
 0.53 0.10 0.11 
 0.50 0.87 0.19 
 0.56 1.11 0.11 
 0.71 1.35 0.46 
 0.36 0.64 0.12 
 1.24 0.55 0.19 
 1.07 0.98 0.11 
 0.76 0.29 0.15 
 0.71 0.75 0.30 
 0.71 0.76 0.05 
 0.81 0.39 0.36 
 0.55 0.72 0.24 
 0.80 0.59 0.09 
 0.78 0.58 0.07 
 0.68 0.66 0.19 
 0.79 0.73 0.13 
 0.75 0.76 0.07 
 0.73 1.13 0.02 
 0.81 1.04 0.07 
 1.11 0.73 0.18 
 1.71 0.76 0.26 
 0.08 1.64 0.47 
 0.77 0.54 0.05 
 0.44 0.32 0.18 
 0.47 0.02 0.07 
 0.46 0.02 0.11 
 0.49 0.99 0.19 
 0.47 0.76 0.05 
 0.55 1.13 0.26 
 0.88 1.30 0.51 
 0.81 0.25 0.00 
 1.69 1.17 0.05 
 0.75 0.24 0.23 
 0.70 0.54 0.76 
 0.73 0.54 0.46 
 0.92 0.37 0.13 
 0.76 0.46 0.15 
 0.65 0.80 0.12 
 0.75 0.64 0.12 
 0.76 0.57 0.08 
 0.76 0.64 0.29 
 0.80 0.70 0.20 
 0.76 0.94 0.09 
 0.80 0.95 0.04 
 0.78 1.03 0.20 
 1.23 0.35 0.58 
 0.89 0.66 0.24 
 0.67 0.88 0.09 
 0.70 0.49 0.10 
 0.57 0.21 0.13 
 0.57 0.02 0.04 
 0.58 0.21 0.07 
 0.48 1.02 0.44 
 0.52 1.16 0.33 
 0.92 1.24 0.40 
 0.45 0.33 0.07 
 1.58 0.52 0.22 
 0.68 0.20 0.45 
 0.79 0.13 0.05 
 0.72 0.81 0.73 
 0.66 0.81 0.00 
 0.77 0.61 0.04 
 0.73 0.68 0.11 
 0.73 0.52 0.28 
 0.77 0.56 0.13 
 0.68 0.70 0.19 
 0.79 0.71 0.21 
 0.79 0.79 0.23 
 0.80 1.07 0.06 
 0.75 1.02 0.06 
 1.04 0.35 0.04 
 1.38 0.54 0.33 
 0.79 0.41 0.24 
 0.86 0.70 0.14 
 0.60 0.42 0.11 
 0.58 0.13 0.07 
 0.53 0.16 0.01 
 0.54 0.66 0.33 
 0.51 1.08 0.30 
 0.38 1.02 0.23 
 0.86 1.11 0.48 
 0.57 0.55 0.08 
 1.49 0.56 0.07 
 0.59 0.68 0.32 
 0.89 0.14 0.08 
 0.62 0.88 0.59 
 0.77 0.64 0.04 
 0.74 0.56 0.28 
 0.85 0.45 0.36 
 0.73 0.52 0.12 
 0.72 0.62 0.13 
 0.70 0.61 0.26 
 0.79 0.70 0.22 
 0.81 0.82 0.18 
 0.85 1.04 0.10 
 0.85 0.95 0.09 
 0.94 0.54 0.07 
 1.21 0.45 0.42 
 0.68 1.04 0.10 
 0.96 0.55 0.12 
 0.69 0.34 0.12 
 0.63 0.10 0.02 
 0.64 0.00 0.03 
 0.55 0.45 0.19 
 0.44 1.14 0.30 
 0.32 1.12 0.19 
 0.83 1.32 0.43 
 0.58 0.45 0.12 
 2.00 0.96 0.37 
 0.53 0.32 0.18 
 0.57 0.46 0.79 
 0.63 0.78 0.15 
 0.71 0.57 0.33 
 0.82 0.37 0.05 
 0.75 0.61 0.01 
 0.77 0.60 0.20 
 0.64 0.69 0.21 
 0.73 0.65 0.24 
 0.85 0.73 0.24 
 0.76 0.95 0.36 
 0.85 1.03 0.03 
 0.86 0.64 0.01 
 1.30 0.52 0.63 
 1.07 0.69 0.13 
 1.15 0.65 0.05 
 0.70 0.36 0.12 
 0.50 0.20 0.04 
 0.62 0.04 0.11 
 0.60 0.13 0.07 
 0.47 0.87 0.29 
 0.55 1.05 0.29 
 0.45 1.24 0.08 
 0.23 1.00 0.01 
 1.45 0.39 0.12 
 0.81 0.49 0.41 
 0.58 0.02 0.32 
 0.56 0.60 1.18 
 0.94 0.46 0.61 
 0.76 0.47 0.39 
 0.64 0.57 0.13 
 0.75 0.55 0.17 
 0.79 0.57 0.27 
 0.72 0.53 0.24 
 0.80 0.54 0.30 
 0.70 0.65 0.34 
 0.76 0.81 0.28 
 0.97 0.84 0.09 
 0.93 0.64 0.04 
 0.84 0.38 0.16 
 1.05 0.35 0.05 
 1.13 0.42 0.05 
 0.46 0.72 0.27 
 0.62 0.50 0.02 
 0.66 0.53 0.07 
 0.70 0.45 0.05 
 0.64 0.41 0.04 
 0.58 0.74 0.04 
 0.61 0.68 0.03 
 0.50 0.79 0.04 
 0.48 0.89 0.06 
 0.69 0.97 0.18 
 1.57 0.49 0.32 
 0.69 0.18 0.03 
 0.61 0.50 0.49 
 0.87 0.80 0.26 
 0.89 0.56 0.12 
 0.82 0.50 0.06 
 0.85 0.46 0.20 
 0.85 0.51 0.14 
 0.88 0.39 0.26 
 0.81 0.58 0.11 
 0.74 0.71 0.09 
 0.86 0.49 0.13 
 0.72 0.65 0.08 
 0.78 0.69 0.01 
 0.81 0.56 0.00 
 0.77 0.53 0.04 
 0.78 0.56 0.01 
 0.81 0.61 0.07 
 0.71 0.72 0.07 
 0.73 0.66 0.06 
 0.70 0.65 0.00 
 0.77 0.64 0.07 
 0.79 0.59 0.03 
 0.80 0.55 0.03 
 0.82 0.55 0.03 
 0.82 0.55 0.04 
 0.83 0.55 0.02 
 0.76 0.58 0.04 
 0.68 0.54 0.13 
 0.73 0.62 0.01 
 0.76 0.62 0.04 
 0.76 0.49 0.03 
 0.84 0.57 0.08 
 0.80 0.66 0.22 
 1.31 0.45 0.03 
 0.85 0.65 0.16 
 0.33 0.38 0.25 
 0.60 0.44 0.39 
 1.41 0.46 0.06 
 1.18 0.52 0.10 
 0.80 0.39 0.23 
 0.86 0.07 0.00 
 0.68 0.32 0.41 
 0.85 0.59 0.05 
 0.51 0.67 0.06 
 0.71 0.35 0.02 
 1.01 0.46 0.22 
 0.97 0.63 0.88 
 0.98 0.01 0.24 
 0.70 0.22 0.02 
 0.47 0.78 0.06 
 0.71 0.28 0.65 
 0.84 0.41 0.12 
 1.15 0.17 0.31 
 1.05 0.05 0.31 
 1.11 0.72 0.16 
 1.43 0.19 0.05 
 1.44 1.65 0.34 
 0.86 0.02 0.16 
 1.21 1.72 0.03 
 0.51 0.22 0.58 
 0.74 0.18 0.19 
 1.01 0.06 1.80 
 2.00 0.22 0.43 
 0.53 1.99 1.02 
 0.53 0.68 0.24 
 0.82 0.35 0.55 
 0.66 0.92 0.08 
 1.15 0.02 0.00 
 2.00 0.17 0.12 
 0.68 0.29 0.08 
 0.84 0.74 0.51 
 0.69 1.16 0.74 
 0.97 0.96 0.25 
 0.43 0.57 0.67 
 0.17 0.95 0.78 
 0.78 0.70 1.65 
 0.68 1.02 1.28 
 0.71 0.74 0.75 
 0.24 0.72 0.10 
 0.13 0.71 0.11 
 0.61 0.90 0.05 
 0.36 1.17 1.06 
 0.52 0.95 0.41 
 0.82 0.71 0.64 
 0.43 0.86 0.40 
 0.55 1.17 0.21 
 0.19 0.87 0.44 
 0.39 0.88 0.07 
 0.26 0.98 0.06 
 0.94 0.97 0.52 
 0.33 0.69 0.70 
 0.36 0.90 0.47 
 0.65 0.49 0.07 
 0.88 0.67 0.25 
 0.66 0.67 0.01 
 0.72 0.82 0.03 
 0.84 0.49 0.01 
 0.23 1.58 1.07 
 0.42 1.02 0.23 
 0.13 1.02 0.88 
 0.67 0.42 0.40 
 0.25 1.28 1.57 
 0.45 0.58 0.18 
 0.02 1.03 0.73 
 0.39 0.34 0.28 
 0.00 0.62 0.39 
 0.15 0.83 0.66 
 0.43 0.21 1.28 
 0.16 0.76 0.77 
 0.06 0.67 0.46 
 0.10 0.88 0.59 
 0.16 0.78 0.73 
 0.05 0.77 0.87 
 0.08 0.98 0.85 
 0.10 0.50 1.23 
 0.02 0.57 0.73 
 0.00 0.86 1.08 
 0.10 0.75 0.50 
 0.13 1.00 0.50 
 0.15 1.12 0.17 
 0.09 1.00 0.12 
 0.11 0.90 0.07 
 0.10 1.33 0.35 
 0.11 0.75 0.47 
 0.16 0.90 0.24 
 0.34 1.06 0.36 
 0.10 0.85 0.13 
 0.09 0.64 0.22 
 0.18 1.06 0.03 
 0.26 0.42 0.14 
 0.58 0.63 0.45 
 0.72 0.91 0.53 
 0.59 1.37 0.59 
 0.72 0.57 0.58 
 1.40 0.68 0.35 
 1.30 1.07 0.53 
 0.92 1.00 0.22 
 0.76 0.74 0.22 
 0.67 0.50 0.14 
 0.63 0.44 0.02 
 0.72 0.52 0.19 
 0.78 0.65 0.33 
 0.69 0.76 0.45 
 0.81 0.88 0.40 
 0.85 0.98 0.31 
 0.83 1.03 0.01 
 0.65 0.85 0.13 
 0.25 0.62 0.10 
 0.15 0.32 0.05 
 0.36 0.39 0.01 
 0.64 0.83 0.04 
 0.82 1.21 0.07 
 0.80 1.45 0.15 
 0.69 1.26 0.13 
 0.53 0.86 0.07 
 0.65 0.65 0.23 
 0.33 0.75 0.12 
 0.43 0.90 0.24 
 0.19 0.93 0.14 
 0.00 0.84 0.08 
 0.10 0.83 0.07 
 0.07 1.03 0.07 
 0.19 1.25 0.07 
 0.01 1.15 0.09 
 0.92 0.99 0.03 
 0.72 0.60 0.00 
 0.19 0.68 0.16 
 0.17 0.97 0.15 
 0.23 0.96 0.18 
 0.23 1.16 0.26 
 0.49 1.07 0.32 
 0.44 1.12 0.36 
 0.40 0.84 0.20 
 0.07 0.81 0.24 
 0.13 0.76 0.21 
 0.20 0.89 0.16 
 0.01 0.99 0.16 
 0.36 0.63 0.15 
 0.42 0.89 0.04 
 0.31 1.20 0.09 
 0.75 1.18 0.15 
 0.39 1.39 0.06 
 0.34 0.96 0.12 
 0.14 0.84 0.12 
 0.19 0.69 0.14 
 0.29 0.68 0.25 
 0.58 0.92 0.13 
 0.44 1.16 0.23 
 0.46 0.83 0.10 
 0.39 0.84 0.01 
 0.58 0.78 0.13 
 0.58 0.95 0.06 
 0.58 0.99 0.12 
 0.56 0.68 0.11 
 0.59 0.62 0.16 
 0.52 0.80 0.24 
 0.59 1.02 0.13 
 0.53 1.11 0.09 
 0.65 0.75 0.02 
 0.32 0.50 0.11 
 0.75 0.73 0.01 
 0.67 0.99 0.08 
 0.52 1.05 0.19 
 0.55 0.90 0.06 
 0.45 0.96 0.25 
 0.55 0.92 0.38 
 0.50 0.82 0.27 
 0.47 0.91 0.15 
 0.50 0.92 0.04 
 0.25 1.05 0.05 
 0.26 1.03 0.00 
 0.20 0.90 0.08 
 0.15 1.15 0.12 
 0.18 1.10 0.14 
 0.05 0.94 0.19 
 0.12 0.92 0.47 
 0.16 1.39 0.18 
 0.07 0.87 0.07 
 0.06 0.85 0.01 
 0.22 0.95 0.07 
 0.26 0.98 0.20 
 0.18 0.99 0.07 
 0.21 1.30 0.05 
 0.35 0.92 0.06 
 0.45 0.61 0.09 
 0.27 0.89 0.24 
 0.53 1.21 0.24 
 0.54 0.79 0.24 
 0.71 0.54 0.14 
 0.57 0.15 0.24 
 0.32 0.45 0.49 
 0.24 0.86 0.65 
 0.10 0.90 0.50 
 0.56 0.80 0.03 
 0.06 1.35 0.17 
 0.07 1.18 0.16 
 0.01 0.89 0.09 
 0.24 1.41 0.08 
 0.17 1.37 0.36 
 0.02 0.98 0.12 
 0.11 0.75 0.15 
 0.18 1.07 0.36 
 0.13 0.86 0.37 
 0.35 0.87 0.09 
 0.33 1.51 0.04 
 0.24 1.08 0.21 
 0.17 1.18 0.17 
 0.21 0.70 0.10 
 0.11 0.61 0.17 
 0.21 0.85 0.15 
 0.27 0.78 0.10 
 0.43 0.82 0.28 
 0.47 0.58 0.27 
 0.90 0.88 0.56 
 1.06 1.21 0.21 
 1.08 1.06 0.36 
 0.66 0.78 0.23 
 0.66 0.76 0.37 
 0.82 1.21 0.16 
 0.60 0.91 0.36 
 0.39 0.55 0.01 
 0.33 0.68 0.31 
 0.35 0.86 0.08 
 0.47 0.88 0.03 
 0.49 0.83 0.08 
 0.35 0.67 0.08 
 0.57 1.19 0.36 
 0.53 1.53 0.14 
 0.28 0.68 0.00 
 0.20 1.16 0.40 
 0.09 0.99 0.13 
 0.03 0.58 0.21 
 0.04 0.67 0.14 
 0.03 0.85 0.04 
 0.08 0.89 0.19 
 0.08 1.32 0.03 
 0.10 0.91 0.15 
 0.04 1.22 0.23 
 0.05 1.07 0.10 
 0.18 1.44 0.16 
 0.45 1.99 0.42 
 0.22 0.06 0.11 
 0.08 0.56 0.36 
 0.06 1.00 0.18 
 0.08 0.81 0.17 
 0.03 0.71 0.09 
 0.29 1.04 0.12 
 0.35 1.01 0.21 
 0.27 1.16 0.29 
 0.24 0.86 0.54 
 0.07 0.84 0.13 
 0.16 1.23 0.47 
 0.45 1.64 0.43 
 0.19 1.61 0.22 
 0.15 0.64 0.15 
 0.02 0.38 0.38 
 0.12 1.02 0.58 
 0.08 1.10 0.67 
 0.14 1.14 0.49 
 0.06 0.94 0.36 
 0.20 0.83 0.60 
 0.21 0.72 0.50 
 0.37 0.66 0.48 
 0.15 0.73 0.19 
 0.05 0.70 0.71 
 0.20 0.62 0.96 
 0.14 0.52 0.74 
 0.16 0.66 0.74 
 0.15 0.46 0.77 
 0.46 0.99 0.40 
 0.22 0.73 0.74 
 0.56 0.32 0.67 
 0.31 0.52 0.84 
 0.44 0.70 0.50 
 0.16 0.73 0.99 
 0.10 0.81 0.54 
 0.41 0.74 0.57 
 0.46 0.73 0.71 
 0.62 0.65 0.54 
 0.70 0.48 0.32 
 0.65 0.58 0.22 
 0.42 0.74 0.06 
 0.31 0.24 0.12 
 0.16 1.12 0.05 
 0.13 1.28 0.12 
 0.13 1.54 0.67 
 0.15 1.63 1.16 
 0.41 0.41 0.28 
 0.14 1.37 0.13 
 0.29 1.27 0.18 
 0.35 0.47 0.03 
 0.00 1.14 0.04 
 0.08 1.20 0.12 
 0.06 1.30 0.03 
 0.16 1.04 0.15 
 0.06 0.93 0.03 
 0.01 0.97 0.29 
 0.31 0.29 0.63 
 0.26 0.19 0.99 
 0.54 0.64 0.09 
 0.08 1.58 1.43 
 0.18 1.19 1.11 
 0.16 0.95 0.35 
 0.00 1.91 0.36 
 0.14 0.23 0.07 
 0.07 1.48 0.15 
 0.32 0.91 0.76 
 0.36 0.95 0.22 
 0.36 1.99 0.89 
 1.07 0.09 0.00 
 1.54 0.48 1.70 
 0.89 1.67 0.74 
 2.00 0.92 0.63 
 0.86 0.19 0.29 
 0.84 0.43 0.24 
 1.38 0.47 0.04 
 0.72 1.00 0.42 
 0.69 1.65 0.44 
 0.45 0.30 0.03 
 0.47 0.69 0.19 
 0.53 0.50 0.57 
 0.14 0.57 0.04 
 0.48 0.84 0.61 
 0.67 0.01 1.34 
 0.40 1.42 0.51 
 0.63 1.12 0.49 
 0.85 1.99 0.05 
 0.37 1.99 0.98 
 0.47 0.55 0.35 
 0.12 0.50 0.27 
 0.53 0.49 0.37 
 0.60 1.12 0.30 
 0.78 0.84 0.96 
 0.61 0.56 0.04 
 0.50 1.00 0.09 
 1.02 1.99 0.38 
 0.49 1.34 0.14 
 1.25 0.47 1.32 
 0.18 0.16 0.28 
 0.75 0.69 0.83 
 0.05 0.49 0.44 
 0.46 1.18 0.84 
 0.32 1.09 0.31 
 0.08 1.79 0.47 
 0.09 1.25 0.47 
 0.52 0.47 0.20 
 0.73 0.65 0.36 
 0.11 0.16 0.65 
 2.00 1.61 1.02 
 0.43 1.11 0.00 
 0.06 1.27 0.28 
 0.05 1.53 0.05 
 0.28 0.22 0.19 
 0.55 0.80 0.68 
 0.14 0.68 0.57 
 0.66 0.52 0.58 
 0.11 0.71 0.13 
 0.74 0.36 0.04 
 0.34 1.06 0.10 
 0.41 0.41 0.13 
 0.56 1.55 0.43 
 0.63 0.26 0.70 
 2.00 1.04 0.33 
 1.90 0.87 0.82 
 1.20 0.97 1.00 
 1.02 1.15 0.18 
 0.87 1.00 0.72 
 0.82 0.77 0.04 
 0.87 0.86 0.01 
 0.79 0.80 0.22 
 0.80 0.58 0.37 
 0.81 0.01 0.23 
 0.06 1.24 0.35 
 0.69 0.76 0.03 
 0.50 0.73 0.69 
 0.87 0.17 0.59 
 0.69 0.91 0.19 
 0.42 0.90 0.10 
 0.68 0.45 0.54 
 0.31 1.37 0.17 
 0.62 1.19 0.05 
 0.76 0.82 0.18 
 0.21 1.07 0.31 
 0.29 0.87 0.04 
 0.11 1.02 0.11 
 0.32 0.44 0.47 
 0.03 0.42 0.07 
 0.12 1.11 0.13 
 0.20 1.04 0.16 
 0.35 1.15 0.05 
 0.02 1.26 0.45 
 0.30 0.85 0.21 
 0.27 0.96 0.31 
 0.20 1.47 0.39 
 0.80 0.77 0.06 
 0.04 0.93 0.46 
 0.31 1.01 0.34 
 0.44 1.57 0.42 
 0.05 1.23 0.26 
 0.37 1.40 0.33 
 0.37 0.77 1.42 
 0.42 1.07 0.48 
 0.76 0.61 0.78 
 0.53 0.58 0.45 
 0.88 0.64 0.45 
 0.93 0.75 0.06 
 0.78 0.37 0.01 
 0.87 0.29 0.65 
 0.58 0.02 0.45 
 0.49 0.03 0.45 
 0.72 0.22 0.35 
 0.68 0.11 0.29 
 0.97 0.21 0.64 
 0.91 0.22 0.68 
 0.73 0.51 0.50 
 0.68 0.19 0.63 
 1.00 0.05 0.52 
 0.59 0.25 0.61 
 0.71 0.35 1.00 
 0.81 0.07 0.85 
 0.70 0.12 0.43 
 0.88 0.13 0.38 
 0.81 0.08 0.54 
 0.80 0.13 0.59 
 0.75 0.22 0.61 
 0.69 0.35 0.76 
 0.74 0.17 0.60 
 