0.79 0.35 0.37 
 0.98 0.22 0.43 
 0.91 0.29 0.39 
 0.89 0.27 0.38 
 0.89 0.26 0.41 
 0.92 0.27 0.36 
 0.92 0.26 0.35 
 0.93 0.23 0.38 
 0.91 0.21 0.41 
 0.92 0.22 0.39 
 0.92 0.23 0.39 
 0.94 0.24 0.35 
 0.91 0.21 0.38 
 0.92 0.20 0.38 
 0.92 0.21 0.38 
 0.91 0.22 0.38 
 0.92 0.22 0.37 
 0.92 0.20 0.40 
 0.95 0.20 0.38 
 0.94 0.20 0.39 
 0.91 0.22 0.37 
 0.92 0.21 0.38 
 0.91 0.22 0.36 
 0.92 0.21 0.36 
 0.93 0.20 0.39 
 0.93 0.21 0.39 
 0.94 0.19 0.38 
 0.92 0.20 0.37 
 0.94 0.21 0.38 
 0.94 0.21 0.36 
 0.93 0.23 0.37 
 0.91 0.23 0.36 
 0.93 0.21 0.37 
 0.92 0.20 0.37 
 0.92 0.20 0.39 
 0.92 0.21 0.37 
 0.93 0.22 0.36 
 0.93 0.22 0.35 
 0.91 0.21 0.37 
 0.92 0.22 0.35 
 0.93 0.23 0.35 
 0.93 0.23 0.35 
 0.94 0.23 0.35 
 0.94 0.22 0.36 
 0.92 0.21 0.37 
 0.93 0.22 0.36 
 0.94 0.21 0.37 
 0.92 0.23 0.34 
 0.95 0.23 0.35 
 0.93 0.23 0.34 
 0.92 0.22 0.37 
 0.94 0.22 0.35 
 0.92 0.23 0.35 
 0.93 0.22 0.35 
 0.91 0.21 0.36 
 0.95 0.21 0.36 
 0.93 0.23 0.34 
 0.92 0.22 0.35 
 0.93 0.22 0.36 
 0.91 0.23 0.34 
 0.90 0.02 0.15 
 0.87 0.43 0.32 
 0.97 0.38 0.27 
 1.24 0.43 0.02 
 0.77 0.47 0.19 
 0.93 0.16 0.02 
 0.93 0.22 0.24 
 0.92 0.22 0.20 
 0.86 0.31 0.15 
 1.00 0.30 0.24 
 0.94 0.48 0.18 
 0.91 0.54 0.06 
 1.03 0.67 0.03 
 1.08 0.70 0.05 
 1.12 0.27 0.16 
 1.44 0.14 0.16 
 0.12 1.60 0.15 
 0.99 0.37 0.11 
 0.82 0.16 0.02 
 0.47 0.21 0.16 
 0.44 0.17 0.10 
 0.53 0.55 0.17 
 0.51 0.74 0.19 
 0.59 0.72 0.18 
 0.59 0.76 0.15 
 0.78 1.11 0.50 
 0.64 0.45 0.08 
 1.93 0.15 0.12 
 0.86 0.99 0.14 
 0.88 0.02 0.15 
 0.78 0.86 0.44 
 0.82 0.47 0.28 
 0.83 0.60 0.10 
 0.65 0.60 0.30 
 0.76 0.51 0.20 
 0.85 0.50 0.16 
 0.74 0.62 0.16 
 0.76 0.63 0.16 
 0.73 0.67 0.18 
 0.80 0.59 0.18 
 0.83 0.71 0.03 
 0.91 0.91 0.00 
 0.97 0.96 0.11 
 1.07 0.49 0.29 
 1.27 0.38 0.67 
 0.70 0.16 0.03 
 1.03 0.21 0.02 
 0.65 0.37 0.18 
 0.67 0.28 0.11 
 0.63 0.18 0.03 
 0.55 0.29 0.04 
 0.57 0.72 0.10 
 0.63 0.78 0.25 
 0.73 1.36 0.22 
 0.42 0.65 0.00 
 1.36 0.08 0.36 
 1.08 0.19 0.32 
 1.71 1.53 0.69 
 0.60 0.79 0.61 
 0.86 0.44 0.03 
 0.75 0.47 0.21 
 0.73 0.39 0.08 
 0.73 0.49 0.14 
 0.83 0.52 0.09 
 0.70 0.60 0.15 
 0.76 0.61 0.26 
 0.87 0.51 0.12 
 0.91 0.84 0.16 
 1.07 0.98 0.06 
 1.03 0.81 0.11 
 1.21 0.38 0.34 
 1.36 0.19 0.55 
 0.65 0.94 0.00 
 0.75 0.20 0.20 
 0.51 0.35 0.10 
 0.73 0.11 0.11 
 0.70 0.18 0.00 
 0.64 0.58 0.13 
 0.62 0.66 0.10 
 0.61 1.02 0.14 
 0.76 1.04 0.49 
 0.53 0.26 0.07 
 1.68 0.49 0.13 
 1.05 0.66 0.43 
 0.71 0.39 0.24 
 0.68 1.01 0.45 
 0.82 0.55 0.11 
 0.79 0.35 0.09 
 0.85 0.47 0.14 
 0.77 0.48 0.19 
 0.84 0.41 0.12 
 0.78 0.51 0.15 
 0.84 0.62 0.26 
 0.85 0.57 0.16 
 0.90 0.73 0.02 
 1.04 0.86 0.04 
 1.16 0.62 0.04 
 1.10 0.33 0.30 
 1.29 0.15 0.09 
 0.66 1.49 0.44 
 0.73 0.37 0.00 
 0.57 0.23 0.11 
 0.65 0.13 0.06 
 0.59 0.31 0.02 
 0.54 0.67 0.16 
 0.64 0.61 0.11 
 0.74 0.68 0.33 
 0.85 1.07 0.51 
 0.44 0.51 0.21 
 1.49 0.28 0.00 
 0.84 0.76 0.23 
 0.71 0.33 0.20 
 0.70 0.91 0.82 
 0.90 0.52 0.25 
 1.07 0.37 0.11 
 0.53 0.51 0.27 
 0.84 0.51 0.04 
 0.85 0.52 0.17 
 0.75 0.50 0.19 
 0.86 0.45 0.23 
 0.84 0.55 0.26 
 0.85 0.73 0.11 
 1.05 0.83 0.01 
 0.77 0.54 0.16 
 1.25 0.27 0.30 
 1.59 0.30 0.23 
 0.61 1.23 0.30 
 0.58 1.11 0.16 
 0.55 0.19 0.08 
 0.60 0.18 0.02 
 0.55 0.24 0.07 
 0.55 0.65 0.13 
 0.58 0.58 0.12 
 0.61 0.72 0.20 
 0.80 1.19 0.26 
 0.67 0.92 0.42 
 0.69 0.40 0.05 
 1.74 0.92 0.09 
 0.78 0.06 0.04 
 0.81 0.10 0.33 
 0.59 0.91 0.62 
 0.79 0.53 0.17 
 0.72 0.52 0.52 
 0.65 0.51 0.31 
 0.82 0.41 0.22 
 0.75 0.49 0.03 
 0.75 0.56 0.28 
 0.89 0.61 0.16 
 0.89 0.75 0.06 
 1.13 0.99 0.33 
 1.05 0.79 0.07 
 1.12 0.37 0.18 
 1.79 0.28 0.28 
 0.52 1.42 0.40 
 0.90 0.23 0.05 
 0.42 0.10 0.04 
 0.49 0.08 0.01 
 0.51 0.16 0.01 
 0.55 0.66 0.19 
 0.63 0.74 0.15 
 0.57 0.89 0.23 
 0.91 1.13 0.66 
 0.76 0.67 0.13 
 2.00 0.30 0.23 
 0.43 0.11 0.28 
 0.73 0.49 0.32 
 0.73 0.56 0.05 
 0.83 0.63 0.03 
 0.60 0.55 0.18 
 0.81 0.38 0.22 
 0.82 0.35 0.00 
 0.81 0.43 0.18 
 0.76 0.59 0.21 
 0.92 0.61 0.11 
 0.89 0.79 0.08 
 0.92 0.97 0.13 
 1.05 0.83 0.14 
 1.57 0.41 0.45 
 1.30 0.03 0.02 
 1.40 0.52 0.03 
 0.75 0.13 0.09 
 0.49 0.06 0.08 
 0.59 0.03 0.04 
 0.58 0.29 0.00 
 0.56 0.78 0.19 
 0.65 0.77 0.13 
 0.74 1.02 0.39 
 0.72 1.13 0.28 
 1.22 0.11 0.26 
 1.26 0.52 0.21 
 0.59 0.08 0.16 
 0.81 0.62 0.33 
 0.81 0.60 0.13 
 0.79 0.53 0.01 
 0.70 0.54 0.27 
 0.90 0.48 0.09 
 0.84 0.46 0.25 
 0.73 0.51 0.16 
 0.91 0.50 0.22 
 0.86 0.62 0.06 
 0.81 0.90 0.04 
 0.95 1.01 0.14 
 0.96 0.77 0.01 
 1.56 0.19 0.41 
 1.23 0.17 0.22 
 1.09 0.54 0.03 
 0.68 0.20 0.18 
 0.53 0.18 0.11 
 0.70 0.09 0.02 
 0.63 0.45 0.08 
 0.52 0.63 0.19 
 0.59 0.71 0.11 
 0.60 1.03 0.31 
 0.75 1.07 0.43 
 0.46 0.46 0.09 
 1.01 0.45 0.17 
 1.72 1.14 0.18 
 0.94 0.43 0.32 
 0.78 0.11 0.62 
 0.59 1.33 0.43 
 0.89 0.45 0.22 
 0.87 0.43 0.30 
 0.92 0.51 0.20 
 0.87 0.43 0.15 
 0.74 0.44 0.29 
 0.88 0.39 0.20 
 0.81 0.56 0.22 
 0.89 0.57 0.16 
 0.76 0.65 0.05 
 0.93 1.05 0.08 
 1.02 0.92 0.09 
 1.06 0.45 0.57 
 0.84 0.78 0.56 
 0.96 0.63 0.16 
 0.76 0.22 0.18 
 0.69 0.28 0.09 
 0.63 0.06 0.09 
 0.55 0.48 0.08 
 0.53 0.55 0.13 
 0.61 0.55 0.19 
 0.60 1.02 0.13 
 0.72 1.11 0.42 
 0.69 0.65 0.11 
 1.36 0.27 0.31 
 0.89 0.51 0.73 
 1.03 0.00 0.45 
 0.47 0.66 0.67 
 0.72 0.57 0.61 
 0.72 0.53 0.19 
 0.74 0.41 0.31 
 0.80 0.44 0.23 
 0.86 0.48 0.13 
 0.78 0.54 0.17 
 0.83 0.58 0.25 
 0.85 0.68 0.24 
 0.86 0.92 0.19 
 1.02 0.95 0.03 
 0.95 0.57 0.24 
 1.47 0.07 0.48 
 0.82 0.54 0.10 
 1.21 0.61 0.09 
 0.64 0.32 0.12 
 0.60 0.16 0.04 
 0.55 0.01 0.02 
 0.57 0.45 0.09 
 0.71 0.68 0.19 
 0.61 0.91 0.15 
 0.76 0.91 0.29 
 0.81 1.01 0.05 
 1.62 0.32 0.17 
 0.65 0.23 0.27 
 0.85 0.34 0.36 
 0.75 0.58 0.28 
 0.88 0.64 0.04 
 0.65 0.34 0.48 
 0.87 0.59 0.07 
 0.84 0.54 0.19 
 0.80 0.60 0.22 
 0.74 0.62 0.31 
 0.84 0.50 0.21 
 0.86 0.65 0.23 
 0.76 0.73 0.14 
 0.87 0.87 0.00 
 0.69 0.87 0.06 
 1.08 0.26 0.17 
 1.22 0.68 0.06 
 1.04 0.76 0.22 
 0.69 0.52 0.13 
 0.74 0.20 0.07 
 0.39 0.12 0.04 
 0.66 0.31 0.02 
 0.64 0.76 0.28 
 1.06 1.03 0.32 
 1.50 1.05 0.50 
 0.05 0.72 0.14 
 0.26 0.87 0.01 
 0.31 0.66 0.25 
 0.68 1.24 0.05 
 0.56 0.40 0.14 
 