0.88 0.44 0.01 
0.80 0.51 0.04 
0.79 0.41 0.18 
0.84 0.46 0.24 
1.00 0.52 0.14 
1.28 0.85 0.00 
0.63 0.56 0.02 
0.57 0.15 0.00 
0.92 0.48 0.05 
1.00 0.84 0.08 
0.80 0.48 0.00 
0.70 0.59 0.02 
0.80 0.56 0.02 
0.86 0.53 0.00 
0.84 0.50 0.02 
0.85 0.44 0.04 
0.84 0.54 0.06 
0.82 0.50 0.04 
0.83 0.52 0.01 
0.84 0.49 0.02 
0.86 0.49 0.03 
0.85 0.48 0.01 
0.82 0.53 0.02 
0.84 0.51 0.01 
0.84 0.51 0.00 
0.85 0.49 0.00 
0.85 0.50 0.00 
0.84 0.49 0.00 
0.85 0.51 0.00 
0.84 0.50 0.01 
0.84 0.50 0.00 
0.85 0.50 0.01 
0.85 0.50 0.01 
0.84 0.51 0.00 
0.84 0.51 0.00 
0.84 0.50 0.00 
0.84 0.50 0.00 
0.85 0.50 0.00 
0.84 0.51 0.00 
0.84 0.50 0.01 
0.84 0.50 0.00 
0.85 0.51 0.00 
0.85 0.52 0.02 
0.81 0.53 0.00 
0.83 0.52 0.00 
0.85 0.51 0.01 
0.84 0.50 0.00 
0.84 0.49 0.01 
0.83 0.51 0.00 
0.84 0.51 0.00 
0.83 0.52 0.00 
0.84 0.51 0.00 
0.84 0.51 0.00 
0.83 0.52 0.02 
0.85 0.51 0.00 
0.84 0.50 0.00 
0.85 0.50 0.00 
0.86 0.49 0.00 
0.85 0.48 0.00 
0.85 0.49 0.01 
0.86 0.47 0.02 
0.84 0.50 0.00 
0.84 0.50 0.00 
0.83 0.51 0.00 
0.83 0.51 0.00 
0.81 0.54 0.07 
0.86 0.49 0.02 
0.80 0.52 0.07 
0.80 0.55 0.02 
0.76 0.63 0.02 
0.76 0.71 0.05 
0.81 0.63 0.01 
0.80 0.59 0.03 
0.84 0.52 0.07 
0.94 0.56 0.26 
0.96 0.45 0.31 
0.91 0.30 0.42 
1.01 0.50 0.11 
0.68 0.69 0.14 
0.51 0.55 0.24 
0.69 0.35 0.36 
0.57 0.25 0.54 
0.72 0.49 0.61 
0.78 0.60 0.46 
0.69 0.49 0.44 
0.65 0.60 0.56 
0.63 0.45 0.55 
0.55 0.49 0.33 
0.54 0.57 0.24 
1.42 0.67 0.46 
1.51 0.93 0.77 
0.60 0.01 0.32 
0.91 0.38 0.19 
0.70 0.99 0.32 
0.91 0.45 0.12 
0.94 0.37 0.03 
0.74 0.54 0.01 
0.77 0.67 0.10 
0.71 0.60 0.11 
0.82 0.52 0.00 
0.77 0.63 0.05 
0.74 0.63 0.03 
0.77 0.56 0.10 
0.74 0.56 0.07 
0.68 0.57 0.10 
0.76 0.67 0.26 
0.75 0.73 0.18 
0.81 0.82 0.08 
0.94 0.91 0.26 
1.04 0.82 0.14 
0.71 0.60 0.10 
0.79 0.38 0.05 
1.07 0.43 0.14 
0.91 0.52 0.07 
0.70 0.76 0.30 
0.67 0.54 0.00 
0.90 0.54 0.09 
0.73 0.48 0.03 
0.62 0.36 0.22 
0.64 0.41 0.26 
0.86 0.65 0.42 
0.76 0.82 0.37 
0.71 0.75 0.49 
0.39 0.50 0.38 
0.82 0.74 0.26 
1.35 0.82 0.25 
0.80 0.18 0.26 
0.88 0.31 0.11 
0.87 0.69 0.39 
0.76 0.48 0.16 
0.74 0.67 0.23 
0.65 0.61 0.13 
0.64 0.55 0.36 
0.80 0.47 0.00 
0.75 0.60 0.07 
0.74 0.62 0.30 
0.69 0.58 0.02 
0.77 0.60 0.05 
0.76 0.73 0.19 
0.79 0.78 0.03 
0.65 0.86 0.00 
0.78 0.99 0.12 
0.94 0.99 0.01 
0.97 0.36 0.01 
0.84 0.30 0.01 
0.98 0.59 0.17 
0.58 0.63 0.30 
0.61 0.66 0.06 
0.82 0.50 0.11 
0.79 0.31 0.05 
0.76 0.37 0.27 
0.69 0.41 0.32 
0.94 0.69 0.41 
0.85 0.86 0.52 
0.44 0.56 0.49 
0.39 0.57 0.28 
0.66 0.68 0.16 
1.72 0.76 0.44 
0.97 0.01 0.15 
0.80 0.24 0.26 
0.79 0.75 0.20 
0.79 0.51 0.07 
0.71 0.80 0.04 
0.29 0.76 0.11 
0.87 0.48 0.33 
0.71 0.59 0.00 
0.73 0.52 0.04 
0.77 0.54 0.07 
0.70 0.71 0.21 
0.69 0.80 0.21 
0.83 0.71 0.01 
0.75 0.95 0.11 
1.02 0.84 0.20 
0.94 0.55 0.09 
0.95 0.00 0.07 
1.03 0.45 0.17 
0.72 0.60 0.05 
0.59 0.73 0.16 
0.69 0.37 0.22 
0.71 0.28 0.16 
0.57 0.54 0.27 
0.61 0.51 0.35 
0.87 0.80 0.48 
0.72 0.62 0.54 
0.44 0.44 0.42 
0.85 1.07 0.33 
1.40 0.82 0.15 
0.61 0.65 0.14 
0.85 0.24 0.18 
0.87 0.66 0.15 
0.77 0.69 0.38 
0.54 0.69 0.07 
0.65 0.45 0.14 
0.82 0.66 0.07 
0.83 0.54 0.02 
0.75 0.50 0.17 
0.77 0.62 0.03 
0.83 0.56 0.16 
0.73 0.76 0.06 
0.80 0.91 0.01 
0.94 0.73 0.47 
1.09 1.05 0.22 
0.99 0.59 0.04 
1.04 0.14 0.22 
1.04 0.19 0.05 
0.64 0.58 0.15 
0.64 0.94 0.08 
0.64 0.34 0.04 
0.59 0.26 0.25 
0.55 0.39 0.25 
0.60 0.49 0.24 
0.67 0.49 0.36 
0.74 0.64 0.53 
0.86 0.95 0.57 
0.51 0.58 0.42 
1.21 0.53 0.46 
1.07 1.01 0.22 
0.82 0.22 0.02 
0.96 0.36 0.09 
0.89 0.65 0.13 
0.79 0.45 0.10 
0.77 0.61 0.19 
0.42 0.81 0.35 
0.85 0.76 0.01 
0.75 0.50 0.11 
0.78 0.39 0.04 
0.60 0.67 0.10 
0.80 0.40 0.05 
0.72 0.95 0.20 
0.91 1.11 0.18 
1.02 0.98 0.09 
1.02 0.71 0.11 
1.31 0.22 0.02 
1.25 0.08 0.17 
1.06 0.51 0.00 
0.42 0.85 0.25 
0.76 0.78 0.00 
0.48 0.15 0.31 
0.49 0.38 0.37 
0.38 0.27 0.34 
0.47 0.37 0.58 
0.76 0.74 0.66 
0.53 0.70 0.52 
0.71 0.66 0.70 
0.69 0.45 0.48 
1.46 1.55 0.32 
0.80 0.67 0.12 
0.75 0.64 0.25 
0.89 0.33 0.24 
0.93 0.56 0.06 
0.78 0.90 0.06 
0.28 0.66 0.38 
0.79 0.66 0.18 
0.84 0.50 0.09 
0.81 0.43 0.17 
0.71 0.52 0.02 
0.77 0.80 0.08 
0.91 0.74 0.13 
0.73 0.99 0.25 
0.94 0.88 0.09 
0.94 0.84 0.08 
1.13 0.25 0.11 
0.98 0.21 0.00 
0.62 0.86 0.47 
0.74 0.77 0.16 
0.75 0.36 0.10 
0.65 0.24 0.18 
0.44 0.43 0.24 
0.41 0.32 0.14 
0.57 0.75 0.59 
0.68 1.22 0.77 
0.53 0.77 0.65 
0.63 0.07 0.30 
2.00 1.13 0.01 
0.54 0.26 0.19 
0.61 0.44 0.04 
0.84 0.34 0.06 
0.81 0.64 0.07 
0.69 0.65 0.17 
0.66 0.66 0.14 
0.87 0.62 0.13 
0.65 0.65 0.04 
0.57 0.67 0.03 
0.65 0.57 0.17 
0.76 0.68 0.12 
0.84 0.75 0.15 
0.70 1.12 0.20 
1.06 1.00 0.01 
0.86 0.83 0.12 
1.26 0.18 0.21 
1.27 0.11 0.09 
0.88 1.06 0.18 
0.77 0.94 0.10 
0.51 0.31 0.22 
0.35 0.39 0.11 
0.25 0.32 0.16 
0.15 0.24 0.42 
0.47 0.32 0.31 
1.18 0.95 0.91 
0.77 1.16 0.80 
0.92 0.41 0.26 
1.22 1.47 0.30 
0.93 0.34 0.04 
0.99 0.33 0.17 
0.77 0.52 0.12 
0.87 0.72 0.04 
0.52 0.70 0.04 
0.54 0.70 0.15 
0.85 0.72 0.20 
0.75 0.48 0.23 
0.84 0.52 0.21 
0.71 0.51 0.12 
0.61 0.78 0.03 
0.82 0.85 0.18 
0.61 1.21 0.56 
1.09 0.92 0.23 
0.99 0.57 0.11 
1.14 0.08 0.36 
1.02 0.16 0.12 
0.59 0.41 0.06 
0.47 1.27 0.14 
0.69 0.56 0.12 
0.58 0.56 0.22 
0.46 0.38 0.27 
0.29 0.25 0.29 
0.44 0.40 0.44 
0.75 0.83 0.85 
0.41 1.27 0.48 
0.69 0.70 0.31 
1.30 1.99 0.63 
0.67 0.43 0.06 
0.73 0.42 0.39 
0.86 0.52 0.09 
0.73 0.70 0.30 
0.31 0.81 0.34 
0.83 0.49 0.10 
0.80 0.56 0.21 
0.78 0.56 0.02 
0.57 0.74 0.02 
0.64 0.81 0.07 
0.80 0.91 0.06 
0.72 1.03 0.06 
1.02 0.87 0.05 
0.80 0.73 0.10 
0.97 0.29 0.07 
1.24 0.22 0.02 
1.00 0.70 0.06 
0.32 1.11 0.12 
0.64 0.48 0.14 
0.58 0.28 0.12 
0.56 0.39 0.12 
0.40 0.36 0.15 
0.54 0.45 0.59 
0.97 1.26 0.75 
0.07 0.94 0.16 
2.00 1.24 0.15 
1.16 0.09 0.20 
0.60 0.08 0.10 
0.71 0.52 0.08 
0.86 0.42 0.17 
0.45 0.94 0.29 
0.40 0.73 0.19 
0.85 0.57 0.09 
0.72 0.52 0.02 
0.82 0.52 0.02 
0.80 0.65 0.06 
0.73 0.93 0.12 
0.57 0.95 0.14 
0.94 0.98 0.26 
1.00 1.12 0.01 
1.17 0.44 0.00 
1.25 0.01 0.40 
1.09 0.05 0.03 
0.18 1.02 0.19 
0.58 1.16 0.19 
0.39 0.42 0.16 
0.60 0.47 0.26 
0.50 0.41 0.14 
0.31 0.49 0.33 
0.58 0.42 0.46 
0.95 1.28 0.88 
0.21 0.89 0.52 
0.94 0.90 0.49 
1.46 0.96 0.00 
0.81 0.24 0.14 
0.80 0.49 0.16 
0.82 0.42 0.03 
0.90 0.52 0.45 
0.56 1.08 0.52 
0.30 0.79 0.17 
1.05 0.61 0.15 
0.71 0.51 0.04 
0.82 0.65 0.10 
0.54 0.66 0.06 
0.75 0.76 0.05 
0.74 0.88 0.05 
0.83 0.76 0.15 
0.96 1.08 0.11 
1.08 0.88 0.14 
1.16 0.21 0.23 
1.12 0.25 0.22 
0.38 0.70 0.01 
0.58 0.99 0.39 
0.50 0.30 0.11 
0.49 0.30 0.11 
0.47 0.31 0.11 
0.51 0.55 0.38 
0.61 0.66 0.47 
0.54 0.99 0.47 
0.32 0.85 0.39 
2.00 1.80 0.15 
0.84 0.02 0.06 
0.71 0.11 0.03 
0.89 0.55 0.19 
0.69 0.67 0.05 
0.88 0.47 0.13 
0.37 0.88 0.20 
0.81 0.56 0.12 
0.72 0.75 0.05 
0.73 0.56 0.00 
0.72 0.54 0.02 
0.78 0.60 0.03 
