0.76 0.80 0.01 
 0.85 1.00 0.10 
 1.19 0.80 0.12 
 1.09 0.56 0.23 
 1.08 0.31 0.09 
 1.22 0.21 0.15 
 0.73 0.30 0.01 
 0.51 0.70 0.21 
 0.89 0.61 0.05 
 1.00 0.31 0.59 
 0.68 0.40 0.13 
 0.63 0.59 0.01 
 0.58 0.70 0.28 
 0.60 0.67 0.03 
 0.67 0.66 0.52 
 0.73 0.70 0.23 
 0.53 0.79 0.07 
 0.65 0.64 0.33 
 0.57 0.76 0.36 
 0.49 0.85 0.23 
 0.74 0.81 0.23 
 0.59 0.81 0.24 
 0.56 0.69 0.12 
 0.58 0.68 0.08 
 0.65 0.92 0.25 
 0.44 0.89 0.04 
 0.50 0.84 0.03 
 0.52 0.90 0.12 
 0.54 0.85 0.04 
 0.53 0.81 0.00 
 0.48 0.91 0.02 
 0.50 0.87 0.01 
 0.52 0.80 0.02 
 0.52 0.83 0.04 
 0.49 0.86 0.06 
 0.51 0.81 0.01 
 0.53 0.78 0.00 
 0.62 0.78 0.07 
 0.63 0.84 0.13 
 0.59 0.83 0.09 
 0.58 0.79 0.00 
 0.65 0.78 0.03 
 0.63 0.79 0.13 
 0.62 0.72 0.04 
 0.67 0.72 0.05 
 0.69 0.72 0.03 
 0.67 0.72 0.04 
 0.66 0.73 0.02 
 0.66 0.74 0.04 
 0.67 0.74 0.00 
 0.65 0.74 0.03 
 0.67 0.73 0.03 
 0.67 0.75 0.02 
 0.65 0.74 0.02 
 0.65 0.75 0.00 
 0.66 0.76 0.00 
 0.64 0.73 0.00 
 0.66 0.76 0.02 
 0.65 0.76 0.00 
 0.65 0.75 0.00 
 0.83 0.53 0.04 
 0.84 0.55 0.07 
 0.81 0.56 0.10 
 0.84 0.56 0.08 
 0.80 0.54 0.08 
 0.80 0.55 0.08 
 0.83 0.53 0.07 
 0.81 0.56 0.08 
 0.80 0.54 0.09 
 0.81 0.55 0.07 
 0.82 0.56 0.05 
 0.80 0.57 0.08 
 0.78 0.58 0.09 
 0.81 0.59 0.07 
 0.79 0.60 0.08 
 0.78 0.59 0.07 
 0.79 0.58 0.09 
 0.79 0.58 0.04 
 0.77 0.58 0.17 
 0.72 0.67 0.13 
 0.76 0.61 0.14 
 0.82 0.51 0.00 
 0.75 0.73 0.00 
 0.72 0.76 0.09 
 0.70 0.72 0.04 
 0.75 0.58 0.02 
 0.80 0.64 0.08 
 0.83 0.51 0.07 
 1.00 0.69 0.41 
 0.93 0.50 0.21 
 0.71 0.67 0.08 
 0.56 0.62 0.06 
 0.60 0.71 0.05 
 0.57 0.58 0.21 
 0.51 0.61 0.25 
 0.66 0.76 0.40 
 0.75 0.70 0.35 
 0.66 0.78 0.21 
 0.48 0.80 0.24 
 0.53 0.86 0.14 
 1.08 0.73 0.19 
 0.91 0.16 0.05 
 0.76 0.36 0.13 
 0.83 0.65 0.13 
 0.85 0.61 0.21 
 0.72 0.55 0.04 
 0.51 0.54 0.00 
 0.60 0.65 0.15 
 0.65 0.57 0.04 
 0.72 0.86 0.19 
 0.62 0.77 0.04 
 0.70 0.57 0.04 
 0.72 0.55 0.27 
 0.73 0.77 0.19 
 0.76 0.89 0.15 
 0.89 0.96 0.04 
 0.74 0.69 0.00 
 1.01 0.40 0.21 
 1.17 0.37 0.02 
 0.74 0.62 0.65 
 0.45 0.58 0.02 
 0.53 0.50 0.00 
 0.76 0.51 0.01 
 0.71 0.54 0.14 
 0.64 0.73 0.14 
 0.62 0.80 0.37 
 0.89 0.98 0.67 
 0.56 0.76 0.09 
 1.10 0.63 0.00 
 1.03 0.43 0.09 
 0.74 0.20 0.18 
 0.59 0.40 0.20 
 0.98 0.50 0.04 
 0.87 0.73 0.04 
 0.41 0.68 0.12 
 0.69 0.72 0.10 
 0.79 0.56 0.03 
 0.74 0.75 0.04 
 0.70 0.60 0.12 
 0.73 0.61 0.12 
 0.69 0.74 0.02 
 0.78 0.82 0.19 
 0.90 0.95 0.22 
 0.86 0.89 0.14 
 0.82 0.34 0.01 
 0.91 0.17 0.07 
 1.07 0.83 0.29 
 0.47 0.79 0.03 
 0.70 0.38 0.12 
 0.57 0.69 0.08 
 0.69 0.56 0.18 
 0.71 0.59 0.14 
 0.49 0.56 0.37 
 0.85 0.66 0.59 
 0.54 0.73 0.01 
 1.03 1.15 0.12 
 0.96 0.55 0.29 
 0.90 0.05 0.00 
 0.81 0.30 0.02 
 0.63 0.95 0.18 
 0.71 0.63 0.17 
 0.69 0.91 0.03 
 0.56 0.76 0.06 
 0.72 0.50 0.16 
 0.64 0.57 0.09 
 0.71 0.84 0.12 
 0.70 0.85 0.10 
 0.68 0.86 0.01 
 0.89 0.84 0.10 
 0.94 0.89 0.06 
 1.10 0.36 0.23 
 0.93 0.06 0.08 
 1.11 0.74 0.06 
 0.34 0.74 0.06 
 0.63 0.57 0.15 
 0.51 0.58 0.18 
 0.60 0.47 0.18 
 0.56 0.79 0.38 
 0.82 1.22 0.43 
 0.84 0.72 0.30 
 0.89 0.63 0.01 
 0.83 0.52 0.06 
 0.67 0.37 0.17 
 0.67 0.59 0.03 
 0.69 0.49 0.33 
 0.73 1.01 0.32 
 0.39 0.78 0.09 
 0.81 0.59 0.41 
 0.76 0.46 0.03 
 0.65 0.62 0.01 
 0.63 0.92 0.25 
 0.63 0.96 0.04 
 0.86 1.00 0.08 
 0.88 0.77 0.22 
 1.23 0.33 0.13 
 1.14 0.24 0.03 
 0.63 0.88 0.19 
 0.33 0.81 0.20 
 0.53 0.57 0.16 
 0.54 0.43 0.20 
 0.83 0.60 0.19 
 0.46 0.52 0.24 
 0.67 0.91 0.56 
 0.66 0.54 0.41 
 1.00 0.93 0.36 
 0.93 0.64 0.18 
 0.51 0.06 0.33 
 0.68 0.26 0.02 
 0.60 1.06 0.06 
 0.81 0.35 0.05 
 0.58 0.23 0.58 
 0.56 0.61 0.20 
 0.69 0.80 0.21 
 0.68 0.84 0.12 
 0.73 0.62 0.02 
 0.75 0.69 0.09 
 1.06 0.95 0.08 
 1.02 0.89 0.10 
 0.97 0.45 0.02 
 0.87 0.11 0.12 
 1.24 0.50 0.11 
 0.48 0.85 0.22 
 0.53 0.60 0.05 
 0.53 0.43 0.05 
 0.65 0.34 0.13 
 0.72 0.60 0.36 
 0.59 0.61 0.74 
 0.80 1.05 0.50 
 1.11 0.67 0.29 
 0.73 0.04 0.31 
 0.54 0.44 0.19 
 0.60 0.37 0.19 
 1.00 0.44 0.27 
 0.83 0.80 0.38 
 0.60 0.57 0.22 
 0.78 0.64 0.12 
 0.77 0.46 0.29 
 0.77 0.55 0.04 
 0.66 0.82 0.25 
 0.76 0.78 0.17 
 0.96 1.02 0.03 
 0.84 0.98 0.02 
 0.76 0.46 0.15 
 1.31 0.02 0.14 
 1.11 0.40 0.14 
 0.69 0.62 0.10 
 0.12 0.73 0.29 
 0.54 0.55 0.02 
 0.65 0.34 0.18 
 0.88 0.58 0.22 
 0.42 0.53 0.54 
 0.75 0.95 0.59 
 1.13 0.80 0.20 
 1.15 1.01 0.28 
 0.52 0.06 0.15 
 0.61 0.09 0.25 
 1.33 0.11 0.19 
 0.78 0.81 0.26 
 0.61 0.77 0.02 
 0.67 0.81 0.44 
 0.67 0.51 0.13 
 0.69 0.62 0.13 
 0.65 0.69 0.25 
 0.66 0.72 0.07 
 0.82 0.79 0.07 
 0.99 0.94 0.19 
 0.93 0.91 0.14 
 1.03 0.41 0.10 
 1.55 0.11 0.33 
 0.79 0.37 0.32 
 0.25 0.69 0.08 
 0.47 0.82 0.03 
 0.59 0.51 0.12 
 0.71 0.38 0.02 
 0.74 0.60 0.28 
 0.59 0.79 0.53 
 0.59 0.66 0.36 
 0.58 0.85 0.17 
 1.39 1.60 0.17 
 0.84 0.10 0.15 
 0.60 0.16 0.22 
 1.12 0.31 0.11 
 0.84 0.75 0.37 
 0.69 0.88 0.40 
 0.82 0.71 0.06 
 0.72 0.58 0.13 
 0.81 0.66 0.07 
 0.59 0.72 0.24 
 0.58 0.82 0.42 
 0.94 1.10 0.16 
 1.05 0.82 0.05 
 1.36 0.19 0.06 
 1.18 0.08 0.03 
 0.79 0.35 0.01 
 0.25 1.24 0.32 
 0.49 0.60 0.01 
 0.67 0.25 0.08 
 0.90 0.44 0.24 
 0.46 0.47 0.28 
 0.97 0.93 0.68 
 0.74 0.87 0.23 
 1.20 0.76 0.16 
 0.90 0.38 0.11 
 0.58 0.14 0.23 
 0.96 0.38 0.11 
 0.90 0.84 0.25 
 0.69 0.49 0.22 
 0.42 0.73 0.06 
 0.76 0.55 0.03 
 0.72 0.73 0.11 
 0.60 0.79 0.06 
 0.69 0.80 0.04 
 0.74 0.90 0.11 
 0.96 1.05 0.11 
 0.91 0.75 0.20 
 1.14 0.21 0.12 
 1.11 0.18 0.04 
 0.69 0.71 0.17 
 0.40 1.05 0.42 
 0.46 0.69 0.05 
 0.66 0.38 0.15 
 0.96 0.36 0.19 
 0.51 0.37 0.19 
 0.73 0.79 0.52 
 0.85 0.75 0.63 
 0.76 1.05 0.16 
 1.27 1.06 0.09 
 0.69 0.10 0.04 
 0.45 0.14 0.13 
 0.99 0.48 0.06 
 0.90 0.79 0.12 
 0.45 0.98 0.03 
 0.58 0.57 0.23 
 0.76 0.44 0.03 
 0.82 0.59 0.23 
 0.77 0.69 0.28 
 0.58 0.80 0.07 
 0.74 0.95 0.22 
 1.10 1.03 0.09 
 0.93 0.73 0.46 
 0.91 0.40 0.34 
 1.15 0.34 0.03 
 0.79 0.92 0.00 
 0.31 0.67 0.05 
 0.63 0.45 0.00 
 0.59 0.41 0.11 
 0.77 0.58 0.12 
 0.48 0.41 0.42 
 0.77 1.01 0.63 
 1.11 0.56 0.31 
 1.20 1.10 0.19 
 0.82 0.23 0.35 
 0.55 0.30 0.21 
 0.76 0.26 0.04 
 0.88 0.69 0.00 
 0.93 0.65 0.12 
 0.60 0.74 0.04 
 0.50 0.65 0.03 
 0.76 0.74 0.22 
 0.76 0.68 0.05 
 0.69 0.72 0.03 
 0.73 0.68 0.02 
 0.76 0.69 0.02 
 0.72 0.83 0.00 
 0.95 0.91 0.12 
 0.88 0.65 0.14 
 1.02 0.40 0.23 
 1.01 0.41 0.01 
 0.56 0.93 0.33 
 0.40 0.67 0.11 
 0.60 0.63 0.14 
 0.74 0.49 0.13 
 0.66 0.54 0.23 
 0.53 0.57 0.30 
 0.82 0.84 0.59 
 