0.51 0.33 0.25 
 0.93 0.12 0.17 
 1.81 0.05 0.01 
 0.49 0.46 0.32 
 0.57 0.62 0.03 
 0.54 0.35 0.01 
 0.23 0.40 0.22 
 0.68 0.73 0.08 
 0.73 0.64 0.03 
 0.52 0.84 0.01 
 0.74 0.93 0.04 
 0.70 0.72 0.19 
 0.29 0.79 0.02 
 0.45 0.73 0.20 
 0.43 0.82 0.19 
 0.34 1.05 0.31 
 0.35 0.83 0.46 
 0.03 1.11 0.29 
 0.60 0.82 0.30 
 0.69 0.99 0.37 
 0.74 0.71 0.42 
 0.49 0.56 0.26 
 0.81 0.59 0.43 
 0.44 1.03 0.21 
 1.34 0.67 0.47 
 0.57 0.54 0.36 
 0.64 0.94 0.00 
 0.28 0.99 0.08 
 0.51 1.12 0.05 
 0.07 0.70 0.09 
 0.30 1.02 0.24 
 0.26 0.94 0.00 
 0.30 0.95 0.36 
 1.09 0.71 0.17 
 0.02 0.84 0.00 
 0.42 0.80 0.45 
 0.55 0.78 0.43 
 0.59 0.90 0.32 
 0.43 1.07 0.46 
 0.37 0.91 0.35 
 0.59 0.63 0.28 
 0.83 1.11 0.68 
 0.59 0.72 0.07 
 0.20 0.99 0.87 
 0.41 0.61 0.62 
 0.76 0.63 0.28 
 0.51 0.76 0.51 
 0.44 0.63 0.36 
 0.66 0.84 0.39 
 0.90 0.22 0.47 
 0.88 0.41 0.23 
 0.79 0.65 0.67 
 0.85 0.29 0.40 
 0.50 0.46 0.34 
 0.35 0.43 0.39 
 1.42 0.29 0.10 
 0.57 0.71 0.77 
 0.82 0.53 0.23 
 0.71 0.81 0.15 
 0.84 0.24 0.84 
 0.70.10 0.96 0.20 
 0.08 1.01 0.21 
 0.20 0.94 0.20 
 0.28 0.91 0.19 
 0.23 0.95 0.17 
 0.18 1.00 0.15 
 0.25 1.04 0.20 
 0.28 1.15 0.15 
 0.22 1.10 0.14 
 0.31 1.00 0.13 
 0.44 0.96 0.11 
 0.51 0.92 0.11 
 0.38 0.98 0.20 
 0.44 1.05 0.11 
 0.00 1.14 0.34 
 0.17 0.93 0.14 
 0.03 0.66 0.28 
 0.09 1.05 0.16 
 0.19 0.49 0.32 
 0.20 0.72 0.32 
 0.16 1.15 0.30 
 0.10 1.15 0.43 
 0.27 0.91 0.33 
 0.10 1.44 0.42 
 0.24 1.24 0.18 
 0.22 0.64 0.32 
 0.04 0.85 0.06 
 0.08 1.18 0.01 
 0.17 0.96 0.16 
 0.18 0.94 0.11 
 0.07 1.00 0.18 
 0.09 1.04 0.15 
 0.08 0.89 0.10 
 0.04 0.97 0.10 
 0.02 1.00 0.24 
 0.16 0.98 0.11 
 0.19 1.06 0.05 
 0.02 1.11 0.25 
 0.06 1.20 0.21 
 0.18 1.17 0.12 
 0.04 1.00 0.05 
 0.29 0.96 0.15 
 0.09 1.17 0.30 
 0.20 1.12 0.00 
 0.30 1.06 0.28 
 0.16 1.00 0.10 
 0.19 0.53 0.16 
 0.10 0.62 0.23 
 0.18 0.65 0.16 
 0.12 0.94 0.24 
 0.24 1.37 0.31 
 0.42 1.24 0.36 
 0.25 1.23 0.31 
 0.11 1.26 0.20 
 0.13 0.84 0.23 
 0.08 0.88 0.11 
 0.09 0.97 0.05 
 0.02 1.03 0.07 
 0.29 0.87 0.00 
 0.08 0.94 0.15 
 0.17 0.97 0.05 
 0.15 0.95 0.27 
 0.17 0.89 0.18 
 0.25 0.95 0.16 
 0.31 1.00 0.12 
 0.34 1.04 0.02 
 0.08 1.18 0.30 
 0.12 1.26 0.14 
 0.31 1.04 0.00 
 0.05 1.04 0.15 
 0.20 1.15 0.27 
 0.10 0.93 0.13 
 0.42 1.01 0.17 
 0.17 1.05 0.33 
 0.31 0.77 0.05 
 0.18 0.56 0.24 
 0.23 0.68 0.22 
 0.16 0.73 0.26 
 0.23 1.12 0.36 
 0.59 1.14 0.34 
 0.52 1.11 0.29 
 0.08 1.72 0.22 
 0.05 0.44 0.48 
 0.09 0.71 0.05 
 0.00 1.23 0.16 
 0.03 1.04 0.26 
 0.35 0.94 0.03 
 0.23 0.92 0.09 
 0.21 0.94 0.11 
 0.22 0.88 0.16 
 0.30 0.82 0.21 
 0.30 0.99 0.18 
 0.27 0.98 0.10 
 0.23 1.06 0.06 
 0.22 1.07 0.24 
 0.20 1.19 0.19 
 0.26 1.10 0.02 
 0.10 1.00 0.09 
 0.11 1.08 0.19 
 0.09 1.21 0.13 
 0.24 0.99 0.17 
 0.24 1.07 0.42 
 0.23 0.87 0.14 
 0.23 0.73 0.18 
 0.24 0.71 0.22 
 0.22 0.73 0.29 
 0.17 0.73 0.30 
 0.39 0.94 0.33 
 0.43 1.02 0.41 
 0.53 0.91 0.35 
 0.50 1.43 0.51 
 0.01 1.41 0.09 
 0.04 0.56 0.20 
 0.07 0.88 0.10 
 0.01 1.28 0.12 
 0.39 0.95 0.01 
 0.33 0.89 0.15 
 0.11 0.91 0.21 
 0.26 0.94 0.20 
 0.36 0.90 0.15 
 0.39 0.91 0.18 
 0.41 0.90 0.12 
 0.34 0.94 0.09 
 0.30 1.03 0.12 
 0.15 1.08 0.22 
 0.35 1.21 0.16 
 0.38 1.11 0.03 
 0.08 1.00 0.12 
 0.15 1.12 0.38 
 0.17 1.03 0.06 
 0.23 1.03 0.34 
 0.21 0.97 0.31 
 0.29 0.83 0.18 
 0.30 0.74 0.07 
 0.19 0.69 0.15 
 0.17 0.72 0.22 
 0.36 0.85 0.17 
 0.36 1.26 0.41 
 0.57 1.04 0.24 
 0.67 0.81 0.42 
 0.33 1.28 0.22 
 0.04 1.24 0.08 
 0.15 0.64 0.09 
 0.13 0.79 0.19 
 0.01 1.21 0.21 
 0.49 0.79 0.13 
 0.30 0.92 0.06 
 0.23 0.94 0.15 
 0.20 0.94 0.16 
 0.21 0.93 0.17 
 0.23 0.91 0.09 
 0.21 1.03 0.06 
 0.37 1.06 0.01 
 0.17 1.15 0.25 
 0.28 1.19 0.13 
 0.33 1.05 0.00 
 0.12 1.03 0.12 
 0.06 1.12 0.22 
 0.18 1.00 0.11 
 0.28 0.82 0.02 
 0.24 1.09 0.31 
 0.10 0.92 0.14 
 0.21 0.82 0.15 
 0.29 0.87 0.15 
 0.24 0.84 0.17 
 0.18 0.74 0.07 
 0.25 0.91 0.20 
 0.43 1.08 0.33 
 0.49 0.96 0.22 
 0.52 0.82 0.18 
 0.44 1.23 0.23 
 0.00 1.49 0.05 
 0.07 0.96 0.17 
 0.23 0.70 0.11 
 0.00 0.98 0.09 
 0.14 1.15 0.02 
 0.25 0.95 0.03 
 0.23 1.00 0.01 
 0.16 0.94 0.11 
 0.26 0.92 0.14 
 0.39 0.95 0.16 
 0.36 0.93 0.15 
 0.29 0.95 0.12 
 0.19 1.00 0.13 
 0.13 0.95 0.12 
 0.31 1.02 0.05 
 0.35 0.99 0.04 
 0.26 0.99 0.04 
 0.11 1.19 0.06 
 0.13 1.13 0.08 
 0.26 0.94 0.08 
 0.23 0.95 0.18 
 0.14 1.02 0.30 
 0.21 0.91 0.35 
 0.35 1.03 0.41 
 0.40 0.97 0.20 
 0.34 0.89 0.23 
 0.52 0.78 0.17 
 0.42 0.74 0.14 
 0.32 0.84 0.18 
 0.30 0.75 0.18 
 0.37 0.83 0.20 
 0.72 1.04 0.15 
 0.61 0.89 0.06 
 0.55 0.86 0.13 
 0.43 1.13 0.05 
 0.06 1.61 0.02 
 0.07 0.80 0.21 
 0.08 0.70 0.03 
 0.16 1.10 0.02 
 0.28 1.03 0.07 
 0.28 0.88 0.00 
 0.18 0.99 0.21 
 0.13 0.99 0.09 
 0.28 0.94 0.08 
 0.39 0.93 0.13 
 0.41 0.94 0.13 
 0.40 0.89 0.12 
 0.35 0.92 0.09 
 0.39 1.02 0.01 
 0.23 1.01 0.11 
 0.20 0.99 0.14 
 0.28 1.04 0.02 
 0.24 1.28 0.09 
 0.09 1.19 0.02 
 0.16 0.96 0.14 
 0.00 1.04 0.12 
 0.01 1.00 0.11 
 0.22 1.05 0.21 
 0.19 1.09 0.13 
 0.03 0.96 0.04 
 0.08 0.93 0.16 
 0.14 0.95 0.22 
 0.11 1.00 0.27 
 0.16 0.98 0.33 
 0.39 0.91 0.32 
 0.50 0.79 0.31 
 0.34 0.88 0.34 
 0.06 0.94 0.35 
 