0.69 0.73 0.14 
 0.71 0.77 0.19 
 0.67 0.64 0.14 
 0.70 0.71 0.14 
 0.71 0.72 0.21 
 0.70 0.70 0.18 
 0.71 0.73 0.21 
 0.71 0.73 0.22 
 0.71 0.72 0.19 
 0.69 0.68 0.14 
 0.70 0.72 0.19 
 0.71 0.72 0.16 
 0.72 0.77 0.18 
 0.70 0.72 0.15 
 0.70 0.73 0.16 
 0.69 0.76 0.18 
 0.69 0.75 0.18 
 0.68 0.74 0.17 
 0.67 0.70 0.14 
 0.69 0.76 0.15 
 0.69 0.72 0.16 
 0.70 0.72 0.16 
 0.71 0.68 0.22 
 0.74 0.72 0.20 
 0.75 0.78 0.25 
 0.73 0.76 0.22 
 0.71 0.72 0.21 
 0.69 0.69 0.20 
 0.68 0.68 0.22 
 0.68 0.69 0.21 
 0.70 0.69 0.22 
 0.72 0.77 0.21 
 0.71 0.67 0.14 
 0.72 0.78 0.20 
 0.69 0.68 0.19 
 0.70 0.73 0.17 
 0.71 0.67 0.19 
 0.73 0.77 0.16 
 0.71 0.70 0.18 
 0.71 0.75 0.17 
 0.70 0.70 0.17 
 0.69 0.68 0.17 
 0.71 0.69 0.21 
 0.72 0.62 0.17 
 0.75 0.75 0.24 
 0.72 0.73 0.18 
 0.71 0.78 0.21 
 0.68 0.77 0.24 
 0.67 0.68 0.18 
 0.65 0.60 0.12 
 0.71 0.71 0.15 
 0.71 0.77 0.18 
 0.73 0.81 0.23 
 0.71 0.76 0.19 
 0.70 0.64 0.16 
 0.74 0.67 0.22 
 0.72 0.58 0.23 
 0.74 0.68 0.21 
 0.75 0.85 0.34 
 0.71 0.83 0.21 
 0.60.49 0.85 0.17 
 0.48 0.85 0.21 
 0.49 0.84 0.19 
 0.52 0.83 0.18 
 0.46 0.90 0.18 
 0.51 0.81 0.17 
 0.47 0.87 0.15 
 0.50 0.85 0.16 
 0.49 0.87 0.17 
 0.37 0.88 0.14 
 0.50 0.86 0.18 
 0.49 0.81 0.20 
 0.48 0.86 0.21 
 0.40 0.91 0.20 
 0.42 0.86 0.18 
 0.40 0.84 0.15 
 0.49 0.83 0.10 
 0.57 0.82 0.14 
 0.53 0.81 0.11 
 0.48 1.00 0.20 
 0.43 0.97 0.22 
 0.33 1.02 0.26 
 0.31 1.10 0.19 
 0.50 1.19 0.34 
 0.45 0.93 0.27 
 0.78 1.00 0.25 
 0.78 0.88 0.01 
 0.56 0.99 0.31 
 0.41 0.87 0.23 
 0.38 0.82 0.22 
 0.29 0.74 0.19 
 0.29 0.59 0.21 
 0.24 0.43 0.18 
 0.13 0.82 0.38 
 0.15 1.54 0.83 
 0.02 0.82 0.45 
 0.51 0.83 0.64 
 0.57 1.08 0.19 
 0.57 0.61 0.18 
 0.54 0.66 0.27 
 0.39 1.17 0.04 
 0.32 0.89 0.20 
 0.36 0.83 0.22 
 0.16 0.91 0.34 
 0.42 0.87 0.35 
 0.43 0.92 0.05 
 0.36 0.88 0.13 
 0.32 1.02 0.09 
 0.11 1.07 0.11 
 0.26 1.04 0.27 
 0.40 1.37 0.08 
 0.64 1.06 0.27 
 0.63 0.81 0.31 
 0.75 0.70 0.20 
 0.37 1.10 0.39 
 0.20 0.94 0.23 
 0.34 0.72 0.17 
 0.36 0.67 0.23 
 0.17 0.57 0.13 
 0.17 0.42 0.16 
 0.20 1.24 0.48 
 0.05 1.12 0.82 
 0.39 0.94 0.72 
 0.40 0.96 0.07 
 0.41 0.47 0.32 
 0.40 0.93 0.06 
 0.29 1.08 0.02 
 0.09 0.99 0.08 
 0.59 0.67 0.16 
 0.44 0.86 0.16 
 0.20 0.92 0.23 
 0.34 0.95 0.23 
 0.37 0.91 0.08 
 0.36 1.02 0.14 
 0.00 1.13 0.02 
 0.11 1.17 0.21 
 0.35 1.19 0.12 
 0.37 0.80 0.36 
 0.96 1.11 0.33 
 0.72 0.93 0.13 
 0.27 0.98 0.35 
 0.05 0.91 0.02 
 0.17 0.76 0.25 
 0.16 0.61 0.21 
 0.19 0.44 0.19 
 0.23 0.54 0.25 
 0.20 1.63 1.01 
 0.09 0.96 0.75 
 0.32 0.63 0.37 
 0.45 1.65 0.25 
 0.42 0.46 0.24 
 0.54 0.60 0.56 
 0.40 1.47 0.12 
 0.32 0.63 0.19 
 0.39 0.99 0.26 
 0.24 0.93 0.45 
 0.31 0.88 0.49 
 0.32 0.92 0.17 
 0.29 0.96 0.27 
 0.04 1.16 0.08 
 0.00 1.21 0.06 
 0.24 1.20 0.21 
 0.43 1.10 0.23 
 0.50 0.81 0.14 
 0.85 1.03 0.03 
 0.44 1.00 0.33 
 0.13 1.33 0.13 
 0.32 0.82 0.14 
 0.12 0.85 0.29 
 0.24 0.62 0.07 
 0.10 0.54 0.11 
 0.17 0.66 0.23 
 0.09 1.67 0.90 
 0.08 0.82 0.46 
 0.44 1.75 0.17 
 0.48 0.33 0.10 
 0.49 0.82 0.22 
 0.22 1.21 0.28 
 0.18 0.87 0.15 
 0.50 0.84 0.16 
 0.34 0.85 0.14 
 0.17 0.93 0.21 
 0.34 0.90 0.07 
 0.37 0.96 0.06 
 0.31 0.96 0.03 
 0.15 1.13 0.00 
 0.23 1.09 0.05 
 0.23 1.28 0.07 
 0.52 1.31 0.16 
 0.39 0.93 0.12 
 0.70 1.00 0.31 
 0.62 0.81 0.02 
 0.20 1.15 0.29 
 0.06 0.97 0.02 
 0.29 0.77 0.09 
 0.27 0.68 0.15 
 0.18 0.57 0.09 
 0.24 0.47 0.11 
 0.06 1.74 0.72 
 0.16 0.94 0.74 
 0.26 1.34 0.64 
 0.28 0.84 0.03 
 0.39 0.59 0.31 
 0.52 0.76 0.36 
 0.12 1.06 0.03 
 0.40 0.92 0.05 
 0.53 0.83 0.29 
 0.31 0.80 0.46 
 0.21 0.97 0.46 
 0.43 0.91 0.14 
 0.37 0.87 0.07 
 0.37 1.04 0.00 
 0.02 1.15 0.05 
 0.13 1.11 0.16 
 0.28 1.07 0.14 
 0.20 1.29 0.23 
 0.38 0.83 0.24 
 1.04 1.27 0.11 
 0.66 0.95 0.12 
 0.01 1.13 0.26 
 0.05 0.89 0.15 
 0.18 0.77 0.08 
 0.15 0.64 0.17 
 0.06 0.49 0.11 
 0.06 0.59 0.29 
 0.34 1.60 0.79 
 0.18 0.89 0.66 
 0.31 1.11 0.61 
 0.26 0.95 0.29 
 0.37 0.64 0.17 
 0.38 0.70 0.49 
 0.28 1.23 0.05 
 0.17 1.02 0.06 
 0.37 0.84 0.30 
 0.48 0.80 0.11 
 0.21 0.88 0.22 
 0.41 0.94 0.09 
 0.28 0.93 0.00 
 0.26 1.01 0.06 
 0.13 1.08 0.00 
 0.08 1.19 0.20 
 0.18 1.39 0.14 
 0.39 1.27 0.24 
 0.27 0.95 0.13 
 0.93 0.98 0.02 
 0.58 1.04 0.19 
 0.01 1.12 0.28 
 0.09 0.76 0.15 
 0.15 0.76 0.15 
 0.16 0.68 0.10 
 0.15 0.45 0.15 
 0.11 0.75 0.34 
 0.02 1.53 0.86 
 0.00 0.79 0.67 
 0.33 0.76 0.49 
 0.16 1.26 0.38 
 0.20 0.94 0.41 
 0.50 0.55 0.53 
 0.32 1.03 0.16 
 0.12 1.10 0.11 
 0.37 0.92 0.23 
 0.73 0.73 0.16 
 0.12 0.92 0.22 
 0.32 0.93 0.21 
 0.42 0.96 0.12 
 0.28 0.92 0.07 
 0.24 1.03 0.04 
 0.00 1.15 0.01 
 0.02 1.26 0.06 
 0.30 1.17 0.07 
 0.27 1.02 0.15 
 0.64 1.13 0.25 
 1.07 0.94 0.02 
 0.43 1.03 0.22 
 0.11 1.00 0.16 
 0.00 0.82 0.10 
 0.11 0.77 0.06 
 0.16 0.56 0.12 
 0.16 0.34 0.17 
 0.12 0.96 0.53 
 0.24 1.21 0.72 
 0.18 1.78 0.52 
 0.60 0.77 0.03 
 0.54 0.30 0.12 
 0.63 0.95 0.04 
 0.07 0.87 0.07 
 0.04 1.02 0.10 
 0.56 0.77 0.18 
 0.21 0.94 0.31 
 0.32 0.95 0.41 
 0.22 1.01 0.05 
 0.22 0.95 0.13 
 0.24 1.06 0.15 
 0.08 1.12 0.04 
 0.07 1.29 0.24 
 0.33 1.33 0.15 
 0.35 0.90 0.38 
 0.83 0.98 0.42 
 0.72 0.90 0.01 
 0.15 1.04 0.49 
 0.03 0.93 0.15 
 0.27 0.79 0.05 
 0.20 0.78 0.26 
 0.28 0.55 0.24 
 0.22 0.55 0.22 
 0.07 1.79 0.84 
 0.31 0.82 0.27 
 0.59 1.99 0.29 
 0.63 0.17 0.15 
 0.51 0.33 0.19 
 0.42 1.73 0.20 
 0.15 0.85 0.62 
 0.47 0.93 0.13 
 0.20 0.94 0.15 
 0.18 0.85 0.45 
 0.39 0.89 0.09 
 0.36 0.97 0.23 
 0.08 1.04 0.02 
 0.21 1.09 0.06 
 0.19 1.19 0.10 
 0.24 1.20 0.02 
 0.27 0.96 0.17 
 0.66 1.13 0.09 
 0.79 0.84 0.11 
 0.15 1.17 0.23 
 0.02 1.08 0.01 
 0.25 0.88 0.00 
 0.35 0.78 0.13 
 0.16 0.58 0.13 
 0.17 0.56 0.17 
 0.24 1.05 0.37 
 0.23 1.17 0.81 
 0.06 0.88 0.31 
 0.52 1.43 0.40 
 0.09 0.95 0.08 
 0.33 0.79 0.00 
 0.72 0.74 0.06 
 0.18 1.16 0.04 
 0.07 0.90 0.29 
 0.75 0.65 0.33 
 0.24 1.08 0.17 
 0.39 1.01 0.06 
 0.32 0.94 0.00 
 0.17 1.05 0.10 
 0.11 1.13 0.05 
 0.11 1.18 0.12 
 0.40 1.21 0.05 
 0.43 1.06 0.23 
 0.48 0.99 0.28 
 0.98 0.79 0.14 
 0.22 1.02 0.14 
 0.02 1.05 0.35 
 0.23 0.80 0.16 
 0.28 0.68 0.29 
 0.23 0.43 0.24 
 0.00 0.48 0.30 
 0.00 1.14 0.62 
 0.16 1.10 0.71 
 0.47 0.90 0.49 
 0.37 1.07 0.32 
 0.41 0.49 0.09 
 0.23 0.86 0.23 
 0.27 1.10 0.13 
 0.21 0.93 0.16 
 0.53 0.83 0.31 
 0.43 0.73 0.33 
 0.19 0.97 0.45 
 0.22 0.97 0.11 
 0.34 0.92 0.14 
 0.19 1.10 0.10 
 0.11 1.17 0.09 
 0.03 1.33 0.17 
 0.34 1.27 0.21 
 0.33 0.88 0.28 
 0.66 1.01 0.30 
 0.76 0.86 0.00 
 0.47 1.13 0.44 
 0.25 0.93 0.14 
 0.24 0.84 0.13 
 0.32 0.72 0.22 
 0.21 0.50 0.10 
 0.17 0.38 0.20 
 0.15 1.30 0.71 
 0.26 1.11 0.78 
 0.21 0.57 0.45 
 0.89 1.66 0.47 
 0.39 0.89 0.11 
 0.15 0.83 0.17 
 0.58 0.71 0.12 
 0.25 1.14 0.07 
 0.23 0.92 0.17 
 0.61 0.75 0.16 
 0.41 0.79 0.11 
 0.12 1.03 0.22 
 0.39 0.97 0.00 
 0.26 0.96 0.26 
 0.01 1.08 0.09 
 0.04 1.01 0.08 
 0.40 1.29 0.31 
 0.62 1.05 0.24 
 0.43 0.84 0.17 
 1.05 0.94 0.12 
 0.59 0.93 0.08 
 0.26 1.07 0.39 
 0.21 0.78 0.06 
 0.20 0.76 0.24 
 0.02 0.69 0.16 
 0.08 0.85 0.16 
 0.20 1.08 0.42 
 0.26 0.69 0.51 
 1.04 1.99 0.35 
 0.19 0.59 0.02 
 0.52 0.84 0.04 
 0.60 1.24 0.43 
 0.01 1.21 0.39 
 0.26 1.06 0.01 
 0.34 1.00 0.10 
 0.18 0.96 0.19 
 0.43 0.94 0.04 
 0.26 0.92 0.09 
 0.48 0.93 0.08 
 0.21 1.17 0.03 
 0.22 0.88 0.16 
 0.29 1.01 0.34 
 0.53 0.82 0.31 
 0.47 0.85 0.27 
 0.02 1.16 0.24 
 0.04 1.01 0.32 
 0.08 0.82 0.20 
 0.23 0.76 0.45 
 0.32 0.72 0.49 
 0.00 1.05 0.21 
 0.91 0.81 0.19 
 0.39 1.06 0.38 
 0.00 0.88 0.15 
 0.47 0.91 0.04 
 0.21 0.95 0.23 
 0.11 1.04 0.07 
 0.22 0.98 0.15 
 0.27 0.96 0.10 
 0.23 0.96 0.04 
 0.07 1.11 0.20 
 0.33 0.91 0.02 
 0.09 1.19 0.08 
 1.14 0.96 0.08 
 