0.65 0.73 0.11 
 0.65 0.74 0.11 
 0.68 0.73 0.15 
 0.66 0.72 0.17 
 0.69 0.68 0.19 
 0.66 0.74 0.18 
 0.70 0.71 0.17 
 0.65 0.72 0.14 
 0.65 0.67 0.11 
 0.64 0.73 0.12 
 0.66 0.75 0.13 
 0.64 0.68 0.14 
 0.67 0.71 0.15 
 0.67 0.76 0.15 
 0.68 0.71 0.14 
 0.65 0.72 0.13 
 0.68 0.68 0.13 
 0.65 0.72 0.11 
 0.67 0.69 0.12 
 0.64 0.72 0.12 
 0.70 0.72 0.12 
 0.68 0.73 0.13 
 0.67 0.73 0.11 
 0.66 0.70 0.11 
 0.69 0.74 0.12 
 0.69 0.73 0.12 
 0.67 0.67 0.11 
 0.68 0.70 0.11 
 0.66 0.70 0.12 
 0.71 0.69 0.13 
 0.67 0.72 0.14 
 0.71 0.70 0.14 
 0.71 0.72 0.15 
 0.74 0.71 0.15 
 0.70 0.68 0.15 
 0.71 0.65 0.14 
 0.71 0.69 0.16 
 0.72 0.67 0.15 
 0.71 0.63 0.14 
 0.70 0.64 0.13 
 0.70 0.73 0.14 
 0.70 0.66 0.14 
 0.70 0.68 0.15 
 0.69 0.70 0.15 
 0.71 0.67 0.14 
 0.70 0.71 0.13 
 0.68 0.65 0.15 
 0.72 0.70 0.15 
 0.69 0.69 0.14 
 0.69 0.64 0.15 
 0.71 0.68 0.17 
 0.70 0.69 0.17 
 0.73 0.66 0.14 
 0.71 0.69 0.13 
 0.68 0.68 0.13 
 0.70 0.68 0.14 
 0.70 0.68 0.16 
 0.72 0.67 0.16 
 0.71 0.66 0.14 
 0.72 0.65 0.14 
 0.76 0.65 0.03 
 0.73 0.64 0.06 
 0.74 0.63 0.03 
 0.74 0.68 0.04 
 0.74 0.63 0.07 
 0.74 0.64 0.03 
 0.68 0.59 0.02 
 0.79 0.78 0.02 
 0.75 0.56 0.12 
 0.75 0.67 0.02 
 0.70 0.66 0.11 
 0.71 0.69 0.03 
 0.74 0.61 0.09 
 0.68 0.64 0.03 
 0.68 0.70 0.01 
 0.72 0.70 0.00 
 0.75 0.68 0.09 
 0.71 0.61 0.08 
 0.63 0.71 0.04 
 0.59 0.86 0.18 
 0.63 0.78 0.25 
 0.57 0.78 0.02 
 0.57 0.82 0.06 
 0.64 0.77 0.13 
 0.64 0.72 0.14 
 0.74 0.72 0.10 
 0.61 0.87 0.14 
 0.68 0.89 0.01 
 0.60 1.01 0.11 
 0.56 1.07 0.09 
 0.57 0.95 0.09 
 1.20 0.54 0.00 
 1.08 0.93 0.01 
 0.66 0.66 0.10 
 0.56 0.68 0.06 
 0.55 0.48 0.01 
 0.61 0.29 0.02 
 0.28 0.31 0.11 
 0.19 0.81 0.33 
 0.47 1.39 0.70 
 0.52 0.78 0.32 
 1.50 1.05 0.03 
 0.33 0.57 0.52 
 0.78 0.42 0.26 
 1.13 0.08 0.13 
 0.39 0.83 0.39 
 0.20 1.01 0.24 
 0.62 0.86 0.11 
 0.73 0.46 0.27 
 0.71 0.70 0.41 
 0.57 0.93 0.05 
 0.51 1.01 0.10 
 0.69 1.02 0.11 
 0.93 1.08 0.01 
 1.22 0.57 0.17 
 0.93 0.78 0.09 
 0.17 0.90 0.27 
 0.68 0.64 0.04 
 0.58 0.43 0.04 
 0.46 0.26 0.02 
 0.30 0.47 0.11 
 0.40 1.00 0.50 
 0.44 1.70 0.65 
 0.53 0.69 0.18 
 1.67 0.68 0.35 
 0.35 0.54 0.11 
 0.56 0.56 0.29 
 1.10 0.73 0.19 
 0.53 0.87 0.16 
 0.19 0.92 0.00 
 0.54 0.64 0.21 
 0.74 0.36 0.27 
 0.71 0.90 0.66 
 0.62 1.05 0.01 
 0.61 0.98 0.04 
 0.78 1.23 0.47 
 0.89 0.99 0.16 
 1.25 0.49 0.16 
 0.87 0.58 0.05 
 0.50 0.82 0.06 
 0.57 0.69 0.08 
 0.42 0.51 0.03 
 0.54 0.27 0.00 
 0.36 0.46 0.12 
 0.40 1.07 0.54 
 0.39 1.39 0.45 
 0.93 0.96 0.02 
 1.41 0.63 0.52 
 0.10 0.59 1.18 
 0.87 0.61 0.12 
 1.00 0.71 0.17 
 0.52 0.98 0.29 
 0.44 0.67 0.08 
 1.15 0.34 0.04 
 0.65 0.86 0.14 
 0.60 0.81 0.01 
 0.52 1.02 0.01 
 0.68 1.08 0.15 
 0.71 1.18 0.01 
 1.15 0.46 0.20 
 1.11 0.67 0.22 
 0.56 0.98 0.27 
 0.65 0.22 0.14 
 0.51 0.41 0.00 
 0.40 0.42 0.02 
 0.36 0.32 0.01 
 0.15 0.93 0.35 
 0.50 1.58 0.60 
 0.90 1.20 0.05 
 1.40 0.54 0.30 
 0.30 0.34 0.51 
 0.61 0.97 0.26 
 0.92 0.29 0.03 
 0.59 0.83 0.19 
 0.38 0.68 0.03 
 0.63 0.63 0.20 
 0.46 0.56 0.31 
 0.69 0.87 0.02 
 0.52 1.04 0.10 
 0.53 1.06 0.07 
 0.61 1.28 0.29 
 0.82 0.99 0.00 
 1.29 0.64 0.09 
 1.08 0.81 0.26 
 0.32 0.50 0.39 
 0.61 0.81 0.23 
 0.44 0.53 0.03 
 0.51 0.30 0.00 
 0.30 0.47 0.07 
 0.30 1.09 0.38 
 0.38 1.55 0.54 
 1.15 1.16 0.01 
 1.29 0.36 0.54 
 0.14 0.28 1.23 
 1.08 0.54 0.50 
 0.74 0.79 0.37 
 0.35 0.99 0.01 
 0.43 0.73 0.45 
 0.59 0.88 0.53 
 0.57 0.86 0.50 
 0.56 0.89 0.37 
 0.39 1.19 0.10 
 0.60 1.17 0.00 
 0.80 1.11 0.22 
 1.16 0.51 0.25 
 1.05 0.78 0.13 
 0.46 1.19 0.08 
 0.68 0.41 0.21 
 0.47 0.42 0.08 
 0.42 0.36 0.04 
 0.28 0.41 0.11 
 0.18 1.20 0.58 
 0.57 1.12 0.76 
 0.78 0.71 0.00 
 1.54 1.01 0.31 
 0.15 0.62 1.10 
 0.75 0.67 0.01 
 1.20 0.60 0.28 
 0.49 0.75 0.05 
 0.33 0.73 0.31 
 0.83 0.49 0.27 
 0.70 0.64 0.17 
 0.65 0.80 0.05 
 0.55 0.98 0.11 
 0.53 1.05 0.09 
 0.79 1.25 0.32 
 0.81 1.02 0.20 
 1.16 0.58 0.29 
 1.20 0.93 0.18 
 0.12 0.77 0.48 
 0.58 0.76 0.03 
 0.46 0.48 0.00 
 0.48 0.09 0.01 
 0.21 0.52 0.11 
 0.26 1.16 0.57 
 0.50 1.49 0.74 
 1.46 0.90 0.13 
 1.19 0.36 0.47 
 0.01 0.58 1.03 
 0.89 0.75 0.08 
 0.81 0.59 0.07 
 0.54 1.02 0.07 
 0.27 0.79 0.47 
 0.97 0.39 0.07 
 0.44 0.81 0.17 
 0.63 0.84 0.27 
 0.54 1.08 0.05 
 0.53 0.98 0.04 
 0.73 1.09 0.34 
 0.82 1.10 0.35 
 1.12 0.63 0.01 
 1.24 0.63 0.05 
 0.35 0.47 0.32 
 0.46 0.78 0.25 
 0.46 0.61 0.08 
 0.44 0.18 0.01 
 0.17 0.61 0.21 
 0.24 1.46 0.84 
 0.45 1.05 0.58 
 0.83 0.78 0.03 
 1.46 0.63 0.41 
 0.08 0.77 1.67 
 0.81 0.57 0.30 
 0.95 0.65 0.22 
 0.19 1.08 0.45 
 0.19 0.83 0.15 
 0.84 0.56 0.00 
 0.55 0.82 0.21 
 0.73 0.83 0.18 
 0.60 1.03 0.01 
 0.54 1.05 0.00 
 0.62 1.12 0.23 
 0.78 0.90 0.13 
 1.14 0.59 0.17 
 1.32 0.78 0.20 
 0.08 0.82 0.20 
 0.59 0.93 0.07 
 0.49 0.48 0.01 
 0.51 0.29 0.00 
 0.26 0.52 0.17 
 0.25 1.12 0.60 
 0.32 1.44 0.69 
 1.19 0.89 0.07 
 1.43 0.33 0.25 
 0.00 0.49 1.04 
 0.75 0.81 0.03 
 0.67 0.46 0.29 
 0.15 0.92 0.02 
 0.42 0.77 0.03 
 0.85 0.58 0.03 
 0.87 0.87 0.18 
 0.48 1.15 0.03 
 0.41 1.27 0.01 
 0.71 1.10 0.25 
 1.00 0.70 0.53 
 1.28 0.85 0.30 
 0.65 0.77 0.16 
 0.37 0.42 0.08 
 0.45 0.43 0.09 
 0.63 0.22 0.08 
 0.08 1.04 0.33 
 0.16 1.64 0.59 
 0.18 0.89 0.32 
 1.92 0.99 0.39 
 0.74 0.60 0.42 
 0.56 0.16 0.48 
 0.77 1.04 0.06 
 0.74 0.70 0.67 
 0.08 1.05 0.11 
 0.55 0.74 0.22 
 0.96 0.39 0.18 
 0.50 1.00 0.26 
 0.52 1.08 0.06 
 0.62 1.21 0.20 
 0.59 1.15 0.00 
 1.07 1.01 0.33 
 1.22 0.66 0.02 
 0.20 0.69 0.55 
 0.57 0.29 0.03 
 0.59 0.66 0.10 
 0.56 0.19 0.04 
 0.18 0.41 0.14 
 0.31 1.27 0.51 
 0.26 1.26 0.43 
 1.74 1.12 0.07 
 0.55 0.49 0.10 
 0.53 0.77 0.52 
 1.17 0.41 0.18 
 0.29 1.47 0.17 
 0.06 0.92 0.25 
 0.64 0.65 0.33 
 0.67 0.57 0.09 
 0.75 1.02 0.30 
 0.24 1.19 0.08 
 0.65 1.13 0.42 
 1.00 1.01 0.03 
 1.53 0.68 0.04 
 0.92 0.52 0.24 
 0.33 0.54 0.06 
 0.35 0.67 0.02 
 0.38 0.45 0.00 
 0.57 0.30 0.07 
 0.04 1.25 0.40 
 0.27 1.69 0.73 
 0.83 0.59 0.13 
 1.74 0.79 0.99 
 0.02 0.62 1.11 
 0.56 0.81 0.14 
 0.90 0.70 0.22 
 0.11 0.42 0.83 
 0.69 0.75 0.06 
 0.43 0.81 0.38 
 0.77 1.06 0.25 
 0.25 1.35 0.04 
 0.58 1.27 0.23 
 0.77 0.99 0.43 
 1.29 0.85 0.14 
 1.39 0.69 0.19 
 0.14 0.78 0.12 
 0.20 1.01 0.29 
 0.43 0.08 0.05 
 0.34 0.21 0.13 
 0.17 1.71 0.59 
 0.43 1.08 0.89 
 1.81 0.73 0.05 
 0.98 0.58 0.27 
 0.25 0.46 0.92 
 0.81 0.78 0.00 
 0.71 0.36 0.39 
 0.23 0.82 0.43 
 0.98 0.64 0.18 
 0.52 0.73 0.71 
 0.74 1.32 0.15 
 0.34 1.47 0.08 
 0.58 1.29 0.38 
 0.53 1.04 0.43 
 1.26 1.06 0.20 
 1.25 0.61 0.20 
 0.14 0.96 0.12 
 0.30 0.12 0.16 
 0.38 0.10 0.06 
 0.19 0.22 0.17 
 0.33 1.76 0.85 
 0.45 1.22 0.90 
 1.50 0.65 0.14 
 1.26 0.94 0.35 
 0.61 0.19 2.00 
 0.90 0.48 0.69 
 0.56 0.82 0.37 
 0.19 0.73 0.06 
 1.04 0.80 0.21 
 0.43 1.26 0.25 
 0.43 1.35 0.11 
 0.29 1.87 0.22 
 0.69 1.04 0.34 
 1.41 0.93 0.07 
 0.99 0.81 0.03 
 0.06 0.58 0.18 
 0.22 0.46 0.15 
 0.47 0.01 0.18 
 0.18 0.47 0.40 
 0.32 1.99 1.42 
 0.38 0.38 0.36 
 2.00 1.82 0.83 
 0.11 0.81 0.34 
 0.43 0.59 0.02 
 0.92 0.56 0.88 
 0.08 1.10 0.74 
 0.22 0.76 0.18 
 1.00 0.43 0.06 
 0.65 1.34 0.72 
 0.35 1.31 0.03 
 0.41 1.32 0.05 
 0.78 0.91 0.02 
 1.16 1.13 0.28 
 1.72 0.82 0.41 
 0.37 0.45 0.01 
 0.16 0.66 0.61 
 0.32 0.27 0.13 
 0.39 0.11 0.01 
 0.16 0.96 0.61 
 0.31 1.68 0.88 
 1.71 1.40 0.18 
 0.88 0.69 0.12 
 0.32 0.23 1.42 
 0.84 0.72 0.16 
 0.18 0.07 0.03 
 0.18 1.00 0.28 
 0.59 0.73 0.06 
 0.72 0.76 0.54 
 0.65 1.14 0.21 
 0.35 1.15 0.10 
 0.47 1.40 0.13 
 0.45 0.91 0.15 
 1.24 1.19 0.00 
 1.07 0.77 0.40 
 0.03 0.67 0.24 
 0.12 0.51 0.24 
 0.44 0.24 0.04 
 0.45 0.11 0.07 
 0.08 1.43 0.47 
 0.18 1.64 0.52 
 1.72 0.28 0.13 
 0.61 1.16 0.30 
 0.71 1.01 0.55 
 0.88 0.63 0.61 
 0.32 0.92 0.73 
 0.16 0.96 0.35 
 1.20 0.42 0.23 
 0.75 0.98 0.40 
 0.30 1.27 0.02 
 0.48 1.19 0.66 
 1.05 1.15 0.33 
 1.34 0.77 0.01 
 0.63 0.49 0.06 
 0.10 0.75 0.20 
 0.34 0.33 0.02 
 0.36 0.05 0.04 
 0.10 0.64 0.08 
 0.15 1.99 1.11 
 0.41 0.64 0.01 
 1.81 1.13 0.62 
 0.96 0.33 0.32 
 0.30 0.97 0.30 
 0.98 0.97 0.09 
 0.21 0.80 0.23 
 0.28 1.01 0.24 
 0.91 0.95 0.55 
 0.56 1.27 0.29 
 0.44 1.26 0.07 
 0.72 1.10 0.55 
 0.55 1.18 0.51 
 1.14 1.03 0.05 
 1.05 0.78 0.20 
 0.27 0.62 0.18 
 0.22 0.66 0.03 
 0.36 0.24 0.04 
 0.34 0.49 0.17 
 0.25 1.44 0.68 
 0.15 1.37 0.18 
 1.81 0.87 1.20 
 0.11 0.12 0.48 
 0.92 0.60 0.67 
 0.76 0.86 0.66 
 0.58 0.62 0.30 
 0.46 0.90 0.05 
 0.49 0.66 0.00 
 0.14 0.82 0.24 
 0.01 1.03 0.31 
 2.00 1.09 0.11 
 0.83 1.03 0.34 
 0.69 1.18 0.35 
 0.51 0.45 0.37 
 0.38 0.70 0.22 
 0.19 0.50 0.14 
 0.08 0.87 0.31 
 0.01 0.96 0.28 
 0.56 0.52 0.15 
 0.94 1.00 0.59 
 0.85 1.03 0.44 
 0.36 0.54 0.69 
 0.29 0.52 0.40 
 1.08 1.19 0.34 
 0.50 0.91 0.24 
 0.56 0.92 0.09 
 0.53 0.79 0.09 
 0.55 0.76 0.03 
 0.35 0.90 0.16 
 0.36 0.93 0.11 
 0.78 1.10 0.31 
 0.77 0.75 0.26 
 0.48 0.78 0.04 
 0.55 0.87 0.02 
 0.55 0.67 0.07 
 0.58 0.69 0.18 
 0.59 0.66 0.35 
 0.27 0.81 0.09 
 0.57 1.13 0.63 
 0.65 0.82 0.18 
 0.81 0.94 0.27 
 0.38 0.73 0.07 
 0.42 0.92 0.01 
 0.65 0.80 0.09 
 0.52 0.84 0.06 
 0.37 0.97 0.04 
 0.74 0.65 0.31 
 0.72 0.50 0.00 
 0.46 0.85 0.01 
 0.51 0.84 0.16 
 0.58 0.66 0.14 
 0.63 0.72 0.11 
 0.63 0.88 0.06 
 0.58 0.79 0.06 
 0.51 0.86 0.06 
 0.65 0.78 0.01 
 0.57 0.82 0.01 
 0.52 0.85 0.03 
 0.57 0.85 0.10 
 0.56 0.80 0.03 
 0.63 0.77 0.03 
 0.69 0.74 0.09 
 0.62 0.76 0.06 
 0.52 0.84 0.07 
 0.49 0.88 0.06 
 0.56 0.82 0.07 
 0.64 0.74 0.05 
 0.57 0.83 0.02 
 0.54 0.82 0.00 
 0.59 0.83 0.03 
 0.53 0.76 0.02 
 0.56 0.84 0.03 
 0.60 0.74 0.05 
 0.59 0.81 0.08 
 0.63 0.76 0.07 
 0.59 0.79 0.03 
 0.59 0.81 0.07 
 0.58 0.78 0.07 
 0.57 0.81 0.09 
 0.57 0.80 0.08 
 0.57 0.78 0.08 
 0.56 0.82 0.09 
 0.54 0.88 0.09 
 0.54 0.82 0.06 
 0.58 0.79 0.06 
 0.61 0.79 0.08 
 0.60 0.79 0.04 
 0.58 0.80 0.04 
 0.57 0.88 0.11 
 0.58 0.81 0.06 
 0.56 0.81 0.03 
 0.57 0.82 0.04 
 0.52 0.87 0.02 
 0.53 0.83 0.01 
 0.53 0.86 0.07 
 