0.29 1.07 0.10 
 0.99 0.73 0.15 
 0.83 0.87 0.22 
 0.45 0.59 0.04 
 1.43 0.44 0.38 
 2.00 0.43 0.64 
 0.57 0.42 0.30 
 0.72 0.21 0.16 
 0.77 0.35 0.08 
 0.43 0.50 0.16 
 0.52 0.80 0.06 
 0.62 0.67 0.20 
 0.42 0.92 0.03 
 0.14 1.02 0.28 
 0.26 1.03 0.06 
 0.19 0.82 0.07 
 0.30 0.82 0.22 
 0.32 0.94 0.07 
 0.41 1.03 0.07 
 0.62 0.96 0.02 
 0.20 0.90 0.33 
 0.06 0.91 0.28 
 0.07 0.96 0.19 
 0.38 1.06 0.59 
 0.02 1.08 0.44 
 0.03 0.84 0.25 
 0.03 0.95 0.47 
 0.01 0.89 0.21 
 0.42 0.12 0.85 
 0.17 1.02 0.50 
 0.06 0.99 0.36 
 0.04 1.38 0.22 
 0.25 1.22 0.91 
 0.35 1.27 0.07 
 0.50 1.07 0.47 
 0.38 0.68 0.61 
 0.79 1.18 0.15 
 0.60 0.45 0.26 
 0.67 0.82 0.05 
 0.97 0.62 0.13 
 0.18 1.24 0.13 
 0.21 0.88 0.03 
 0.21 1.38 0.78 
 0.15 0.40 0.37 
 0.17 1.15 0.11 
 0.15 0.83 0.37 
 0.23 1.05 0.34 
 0.44 0.69 0.84 
 0.47 0.54 0.56 
 0.38 0.93 0.23 
 0.69 1.10 0.42 
 0.45 0.58 0.47 
 0.62 0.87 0.12 
 0.49 0.72 0.51 
 0.60 0.77 0.14 
 0.47 0.85 0.08 
 0.38 0.93 0.17 
 0.48 1.01 0.10 
 0.65 0.91 0.07 
 0.43 0.85 0.09 
 0.5