0.03 0.01 1.01 
 0.03 0.01 1.01 
 0.03 0.02 1.01 
 0.03 0.02 1.01 
 0.03 0.01 1.01 
 0.03 0.01 1.01 
 0.03 0.02 1.00 
 0.02 0.02 1.00 
 0.03 0.01 1.00 
 0.03 0.01 1.00 
 0.03 0.01 1.00 
 0.03 0.01 1.00 
 0.02 0.01 1.00 
 0.03 0.02 1.01 
 0.03 0.01 1.01 
 0.03 0.02 1.01 
 0.03 0.01 1.01 
 0.03 0.01 1.00 
 0.03 0.01 1.00 
 0.03 0.01 1.00 
 0.03 0.02 1.00 
 0.02 0.01 1.01 
 0.03 0.01 1.00 
 0.03 0.01 1.01 
 0.03 0.01 1.00 
 0.03 0.01 1.00 
 0.02 0.01 1.01 
 0.03 0.01 1.00 
 0.03 0.01 1.00 
 0.03 0.01 1.01 
 0.03 0.01 1.00 
 0.03 0.01 1.00 
 0.03 0.01 1.00 
 0.03 0.01 1.00 
 0.03 0.01 1.00 
 0.03 0.01 1.00 
 0.05 0.04 1.05 
 0.05 0.01 1.00 
 0.03 0.01 0.99 
 0.05 0.06 0.96 
 0.17 0.13 1.13 
 0.23 0.24 1.10 
 0.04 0.02 1.00 
 0.03 0.02 1.00 
 0.03 0.02 1.00 
 0.03 0.02 1.01 
 0.03 0.02 1.00 
 0.03 0.02 1.00 
 0.02 0.02 1.00 
 0.03 0.01 0.99 
 0.03 0.02 1.01 
 0.03 0.02 1.01 
 0.03 0.02 1.00 
 0.03 0.01 1.00 
 0.03 0.02 1.00 
 0.03 0.01 1.01 
 0.03 0.01 1.00 
 0.03 0.02 1.01 
 0.03 0.02 1.00 
 0.03 0.02 1.00 
 0.08 0.51 0.85 
 0.08 0.50 0.85 
 0.09 0.52 0.85 
 0.09 0.50 0.84 
 0.08 0.52 0.82 
 0.09 0.49 0.83 
 0.10 0.51 0.86 
 0.09 0.52 0.83 
 0.06 0.52 0.86 
 0.07 0.52 0.84 
 0.11 0.50 0.82 
 0.09 0.51 0.84 
 0.07 0.51 0.85 
 0.08 0.52 0.86 
 0.08 0.50 0.83 
 0.10 0.51 0.83 
 0.06 0.52 0.84 
 0.09 0.50 0.86 
 0.08 0.52 0.85 
 0.08 0.51 0.84 
 0.09 0.51 0.82 
 0.08 0.52 0.87 
 0.05 0.54 0.83 
 0.09 0.50 0.84 
 0.09 0.50 0.84 
 0.09 0.50 0.84 
 0.08 0.52 0.85 
 0.07 0.53 0.82 
 0.10 0.52 0.83 
 0.05 0.52 0.84 
 0.07 0.52 0.84 
 0.07 0.52 0.84 
 0.11 0.51 0.84 
 0.07 0.52 0.84 
 0.07 0.53 0.84 
 0.08 0.52 0.83 
 0.10 0.52 0.85 
 0.08 0.52 0.84 
 0.07 0.52 0.84 
 0.08 0.52 0.84 
 0.07 0.52 0.84 
 0.09 0.50 0.85 
 0.09 0.51 0.83 
 0.08 0.52 0.83 
 0.08 0.53 0.84 
 0.08 0.52 0.85 
 0.07 0.53 0.84 
 0.07 0.53 0.84 
 0.07 0.53 0.81 
 0.09 0.51 0.83 
 0.07 0.52 0.86 
 0.09 0.51 0.84 
 0.07 0.53 0.84 
 0.07 0.51 0.83 
 0.09 0.52 0.83 
 0.10 0.50 0.85 
 0.07 0.51 0.87 
 0.05 0.52 0.84 
 0.08 0.53 0.84 
 0.08 0.53 0.82 
 0.09 0.52 0.83 
 0.07 0.52 0.85 
 0.07 0.52 0.84 
 0.08 0.52 0.84 
 0.08 0.51 0.84 
 0.06 0.51 0.85 
 0.07 0.53 0.83 
 0.09 0.53 0.85 
 0.08 0.52 0.82 
 0.04 0.53 0.85 
 0.07 0.52 0.82 
 0.08 0.53 0.83 
 0.07 0.52 0.84 
 0.08 0.52 0.83 
 0.06 0.53 0.83 
 0.07 0.52 0.85 
 0.09 0.52 0.83 
 0.07 0.53 0.84 
 0.08 0.52 0.83 
 0.07 0.53 0.82 
 0.07 0.53 0.84 
 0.08 0.53 0.83 
 0.07 0.54 0.82 
 0.06 0.55 0.87 
 0.07 0.52 0.83 
 0.06 0.51 0.82 
 0.07 0.52 0.82 
 0.08 0.51 0.85 
 0.08 0.51 0.83 
 0.08 0.53 0.84 
 0.04 0.54 0.84 
 0.07 0.52 0.83 
 0.08 0.52 0.84 
 0.08 0.52 0.83 
 0.04 0.53 0.84 
 0.08 0.51 0.84 
 0.09 0.51 0.83 
 0.09 0.51 0.83 
 0.05 0.54 0.84 
 0.06 0.53 0.83 
 0.05 0.53 0.83 
 0.10 0.49 0.85 
 0.07 0.52 0.84 
 0.03 0.54 0.82 
 0.04 0.56 0.82 
 0.04 0.54 0.84 
 0.07 0.52 0.84 
 0.07 0.51 0.84 
 0.08 0.52 0.84 
 0.06 0.53 0.84 
 0.07 0.52 0.84 
 0.07 0.53 0.83 
 0.06 0.53 0.83 
 0.04 0.54 0.85 
 0.05 0.54 0.82 
 0.05 0.54 0.84 
 0.05 0.52 0.84 
 0.08 0.53 0.83 
 0.05 0.53 0.84 
 0.07 0.52 0.81 
 0.07 0.53 0.83 
 0.06 0.52 0.84 
 0.04 0.53 0.84 
 0.08 0.52 0.84 
 0.05 0.54 0.84 
 0.04 0.52 0.84 
 0.09 0.53 0.81 
 0.08 0.54 0.84 
 0.04 0.52 0.85 
 0.05 0.51 0.87 
 0.05 0.53 0.81 
 0.06 0.52 0.81 
 0.05 0.53 0.80 
 0.05 0.54 0.86 
 0.05 0.53 0.84 
 0.08 0.52 0.87 
 0.05 0.52 0.81 
 0.06 0.51 0.83 
 0.06 0.52 0.84 
 0.07 0.51 0.86 
 0.06 0.52 0.84 
 0.06 0.52 0.85 
 0.06 0.52 0.83 
 0.04 0.55 0.82 
 0.05 0.53 0.82 
 0.07 0.52 0.84 
 0.05 0.52 0.84 
 0.05 0.53 0.86 
 0.07 0.52 0.84 
 0.06 0.53 0.84 
 0.05 0.53 0.84 
 0.05 0.53 0.82 
 0.05 0.53 0.83 
 0.07 0.53 0.84 
 0.06 0.52 0.84 
 0.05 0.53 0.83 
 0.05 0.52 0.84 
 0.05 0.52 0.84 
 0.07 0.52 0.85 
 0.04 0.53 0.84 
 0.07 0.52 0.85 
 0.05 0.53 0.82 
 0.05 0.52 0.84 
 0.06 0.53 0.82 
 0.06 0.53 0.85 
 0.05 0.52 0.82 
 0.06 0.52 0.87 
 0.06 0.52 0.83 
 0.05 0.53 0.83 
 0.06 0.52 0.84 
 0.06 0.54 0.83 
 0.07 0.53 0.85 
 0.04 0.53 0.82 
 0.06 0.50 0.83 
 0.11 0.44 0.78 
 0.10 0.52 0.85 
 0.03 0.55 0.88 
 0.01 0.52 0.82 
 0.00 0.51 0.84 
 0.08 0.51 0.86 
 0.09 0.50 0.93 
 0.07 0.48 0.89 
 0.04 0.51 0.82 
 0.04 0.52 0.82 
 0.05 0.50 0.83 
 0.06 0.51 0.87 
 0.04 0.51 0.87 
 0.06 0.51 0.84 
 0.04 0.51 0.84 
 0.06 0.50 0.85 
 0.04 0.52 0.85 
 0.05 0.50 0.86 
 0.06 0.51 0.83 
 0.04 0.52 0.85 
 0.06 0.51 0.84 
 0.05 0.51 0.83 
 0.03 0.52 0.84 
 0.05 0.52 0.85 
 0.04 0.51 0.85 
 0.06 0.51 0.84 
 0.05 0.51 0.83 
 0.04 0.52 0.86 
 0.05 0.51 0.86 
 0.05 0.52 0.85 
 0.05 0.51 0.84 
 0.04 0.52 0.83 
 0.06 0.52 0.84 
 0.03 0.54 0.89 
 0.04 0.50 0.88 
 0.08 0.49 0.86 
 0.07 0.51 0.77 
 0.04 0.55 0.76 
 0.01 0.54 0.90 
 0.04 0.50 0.88 
 0.09 0.52 0.80 
 0.01 0.54 0.83 
 0.05 0.53 0.81 
 0.05 0.55 0.84 
 0.04 0.51 0.87 
 0.07 0.52 0.81 
 0.06 0.52 0.82 
 0.05 0.51 0.86 
 0.05 0.53 0.84 
 0.05 0.52 0.84 
 0.07 0.52 0.82 
 0.07 0.53 0.81 
 0.06 0.55 0.85 
 0.01 0.50 0.94 
 0.07 0.49 0.82 
 0.04 0.57 0.80 
 0.12 0.54 0.76 
 0.15 0.52 0.84 
 0.03 0.54 0.85 
 0.00 0.55 0.87 
 0.10 0.49 0.88 
 0.05 0.50 0.87 
 0.00 0.52 0.82 
 0.01 0.55 0.77 
 0.04 0.55 0.83 
 0.12 0.51 0.88 
 0.13 0.47 0.86 
 0.03 0.52 0.86 
 0.03 0.52 0.82 
 0.04 0.53 0.82 
 0.05 0.51 0.88 
 0.04 0.51 0.87 
 0.05 0.49 0.86 
 0.04 0.51 0.85 
 0.03 0.54 0.83 
 0.00 0.53 0.84 
 0.06 0.50 0.85 
 0.09 0.49 0.89 
 0.03 0.47 0.87 
 0.02 0.51 0.83 
 0.03 0.51 0.82 
 0.01 0.53 0.86 
 0.04 0.51 0.86 
 0.02 0.52 0.87 
 0.05 0.52 0.82 
 