0.17 0.02 1.01 
 0.14 0.07 0.74 
 0.03 0.09 1.03 
 0.00 0.07 0.99 
 0.02 0.02 1.02 
 0.03 0.02 1.00 
 0.03 0.02 1.05 
 0.04 0.01 1.02 
 0.02 0.02 1.00 
 0.03 0.02 1.01 
 0.04 0.03 0.99 
 0.03 0.01 1.02 
 0.04 0.01 1.02 
 0.02 0.01 1.04 
 0.01 0.06 1.17 
 0.01 0.12 1.03 
 0.27 0.05 1.25 
 0.04 0.03 0.91 
 0.00 0.07 1.00 
 0.11 0.18 0.99 
 0.13 0.05 0.97 
 0.04 0.03 1.00 
 0.03 0.01 1.00 
 0.01 0.02 1.00 
 0.03 0.02 1.02 
 0.04 0.02 1.00 
 0.00 0.03 0.97 
 0.02 0.02 1.00 
 0.04 0.02 1.00 
 0.02 0.03 0.99 
 0.02 0.02 1.01 
 0.02 0.02 1.01 
 0.03 0.02 1.00 
 0.03 0.02 1.00 
 0.02 0.02 1.02 
 0.01 0.02 1.00 
 0.03 0.02 0.99 
 0.03 0.03 1.01 
 0.03 0.02 1.01 
 0.02 0.02 1.00 
 0.03 0.02 1.00 
 0.03 0.03 1.01 
 0.02 0.03 1.00 
 0.02 0.02 1.01 
 0.03 0.02 1.00 
 0.02 0.02 1.00 
 0.02 0.02 1.01 
 0.03 0.02 1.00 
 0.02 0.02 1.00 
 0.01 0.03 1.00 
 0.02 0.02 1.00 
 0.03 0.03 1.00 
 0.02 0.01 1.00 
 0.02 0.03 1.00 
 0.02 0.02 1.00 
 0.02 0.02 1.01 
 0.02 0.03 1.01 
 0.02 0.03 1.00 
 0.02 0.02 1.00 
 0.02 0.02 1.01 
 0.03 0.02 1.01 
 0.14 0.01 0.91 
 0.05 0.03 1.07 
 0.01 0.00 0.94 
 0.01 0.02 1.01 
 0.03 0.02 1.01 
 0.03 0.01 1.00 
 0.03 0.01 1.00 
 0.03 0.01 1.02 
 0.02 0.02 1.01 
 0.03 0.01 1.00 
 0.03 0.01 1.00 
 0.03 0.01 1.00 
 0.02 0.02 1.00 
 0.02 0.02 1.00 
 0.03 0.02 1.01 
 0.03 0.01 1.00 
 0.03 0.01 1.01 
 0.03 0.01 1.00 
 0.03 0.02 1.00 
 0.03 0.01 1.00 
 0.02 0.01 1.01 
 0.03 0.02 1.01 
 0.02 0.02 1.01 
 0.03 0.01 1.00 
 0.03 0.01 1.00 
 0.02 0.01 1.01 
 0.03 0.01 1.00 
 0.03 0.01 1.01 
 0.02 0.02 1.00 
 0.02 0.01 1.01 
 0.03 0.02 1.00 
 0.03 0.01 1.02 
 0.03 0.02 1.00 
 0.03 0.01 1.01 
 0.03 0.01 1.00 
 0.02 0.02 1.01 
 0.03 0.01 1.00 
 0.03 0.02 1.00 
 0.02 0.02 1.00 
 0.03 0.01 1.01 
 0.03 0.02 1.00 
 0.03 0.01 1.00 
 0.03 0.01 1.00 
 0.03 0.01 1.01 
 0.03 0.01 1.00 
 0.03 0.01 1.00 
 0.03 0.02 1.00 
 0.03 0.01 1.01 
 0.03 0.01 1.01 
 0.03 0.01 1.00 
 0.03 0.01 1.01 
 0.02 0.01 1.01 
 0.03 0.01 1.01 
 0.02 0.02 1.01 
 0.03 0.02 1.01 
 0.02 0.01 1.00 
 0.02 0.02 1.00 
 0.03 0.01 1.00 
 0.03 0.02 1.00 
 0.03 0.02 1.00 
 0.02 0.01 1.00 
 0.03 0.01 1.01 
 0.02 0.02 1.01 
 0.02 0.01 1.01 
 0.03 0.02 1.01 
 0.03 0.01 1.00 
 0.03 0.02 1.01 
 0.03 0.01 1.01 
 0.03 0.01 1.00 
 0.03 0.01 1.00 
 0.03 0.02 1.00 
 0.03 0.01 0.99 
 0.03 0.01 1.00 
 0.02 0.02 1.00 
 0.02 0.01 1.01 
 0.02 0.01 1.00 
 0.03 0.02 1.00 
 0.03 0.01 1.01 
 0.03 0.01 1.01 
 0.02 0.02 1.01 
 0.02 0.01 1.00 
 0.03 0.01 1.00 
 0.03 0.02 1.01 
 0.03 0.01 1.01 
 0.03 0.02 1.01 
 0.03 0.01 1.00 
 0.03 0.01 1.00 
 0.02 0.01 1.00 
 0.03 0.02 1.01 
 0.03 0.02 1.01 
 0.03 0.01 1.00 
 0.03 0.01 0.99 
 0.02 0.02 1.00 
 0.03 0.01 1.00 
 0.02 0.01 1.00 
 0.02 0.01 1.00 
 0.04 0.02 0.99 
 0.02 0.01 1.01 
 0.03 0.01 1.00 
 0.03 0.01 1.00 
 0.03 0.01 1.01 
 0.03 0.01 1.00 
 0.02 0.01 1.00 
 0.02 0.02 1.01 
 0.03 0.01 1.00 
 0.03 0.01 1.00 
 0.03 0.01 1.00 
 0.02 0.02 1.01 
 0.02 0.01 1.00 
 0.03 0.01 0.99 
 0.03 0.01 1.01 
 0.03 0.01 1.00 
 0.02 0.02 1.01 
 0.03 0.01 1.00 
 0.03 0.02 1.01 
 0.03 0.01 1.01 
 0.02 0.01 1.01 
 0.02 0.02 1.00 
 0.03 0.02 1.01 
 0.03 0.01 1.00 
 0.03 0.01 1.00 
 0.03 0.01 1.01 
 0.03 0.01 1.01 
 0.03 0.01 1.01 
 0.03 0.01 1.00 
 0.02 0.01 1.00 
 0.03 0.02 1.01 
 0.03 0.01 1.00 
 0.03 0.01 1.00 
 0.02 0.01 1.00 
 0.03 0.02 1.00 
 0.03 0.01 1.01 
 0.03 0.02 1.00 
 0.03 0.02 1.00 
 0.03 0.02 1.00 
 0.03 0.01 1.01 
 0.03 0.01 1.00 
 0.03 0.01 1.00 
 0.03 0.01 1.01 
 0.03 0.01 1.01 
 0.03 0.01 1.01 
 0.03 0.02 1.00 
 0.03 0.01 1.00 
 0.03 0.01 1.01 
 0.03 0.01 1.01 
 0.02 0.01 1.00 
 0.03 0.02 1.01 
 0.03 0.01 1.00 
 0.03 0.01 1.00 
 0.03 0.01 1.00 
 0.01 0.02 1.00 
 0.03 0.01 1.00 
 0.03 0.01 1.01 
 0.02 0.01 1.01 
 0.03 0.01 1.00 
 0.02 0.02 1.00 
 0.03 0.01 1.01 
 0.02 0.01 1.01 
 0.03 0.01 1.00 
 0.03 0.01 1.00 
 0.03 0.01 1.00 
 0.03 0.01 1.01 
 0.03 0.01 1.00 
 0.02 0.01 1.00 
 0.03 0.02 1.00 
 0.02 0.01 1.00 
 0.03 0.02 1.00 
 0.03 0.02 1.00 
 0.02 0.01 1.00 
 0.03 0.02 1.00 
 0.03 0.01 1.00 
 0.03 0.01 1.00 
 0.03 0.02 1.00 
 0.03 0.01 1.00 
 0.03 0.01 1.00 
 0.03 0.01 1.00 
 0.03 0.01 1.01 
 0.03 0.01 1.01 
 0.03 0.02 1.00 
 0.02 0.02 1.01 
 0.03 0.01 1.00 
 0.03 0.01 1.00 
 0.03 0.01 1.00 
 0.03 0.01 1.00 
 0.02 0.01 1.00 
 0.02 0.02 1.01 
 0.03 0.01 1.00 
 0.03 0.01 1.01 
 0.03 0.01 1.00 
 0.03 0.01 1.00 
 0.03 0.02 1.00 
 0.03 0.01 1.01 
 0.03 0.01 1.00 
 0.03 0.01 1.01 
 0.02 0.02 1.01 
 0.03 0.01 1.00 
 0.03 0.01 1.00 
 0.03 0.01 1.01 
 0.02 0.01 1.00 
 0.03 0.01 1.01 
 0.03 0.01 1.00 
 0.03 0.01 1.00 
 0.02 0.01 1.00 
 0.03 0.01 1.00 
 0.02 0.01 1.00 
 0.03 0.01 1.00 
 0.03 0.01 1.01 
 0.02 0.01 1.00 
 0.03 0.01 1.00 
 0.03 0.02 1.00 
 0.02 0.02 1.00 
 0.03 0.01 1.01 
 0.03 0.02 1.00 
 0.03 0.02 1.00 
 0.03 0.01 1.00 
 0.03 0.02 1.01 
 0.02 0.01 0.99 
 0.03 0.01 1.00 
 0.02 0.01 1.00 
 0.03 0.02 1.00 
 0.03 0.01 1.01 
 0.02 0.01 1.01 
 0.03 0.01 1.00 
 0.03 0.02 1.00 
 0.03 0.01 1.02 
 0.03 0.02 1.01 
 0.02 0.02 1.00 
 0.03 0.01 1.00 
 0.02 0.01 1.01 
 0.03 0.01 1.01 
 0.03 0.02 1.00 
 0.03 0.02 1.00 
 0.03 0.01 1.00 
 0.03 0.01 1.00 
 0.03 0.01 1.00 
 0.03 0.01 1.00 
 0.03 0.01 0.99 
 0.03 0.01 1.01 
 0.03 0.01 1.01 
 0.02 0.01 1.00 
 0.03 0.01 1.01 
 0.03 0.01 1.00 
 0.03 0.01 1.00 
 0.03 0.01 1.01 
 0.03 0.01 1.00 
 0.03 0.01 1.01 
 0.03 0.01 1.01 
 0.02 0.02 1.00 
 0.03 0.01 1.00 
 0.03 0.02 1.00 
 