 0.55 0.86 0.17 
 0.55 0.82 0.17 
 0.54 0.87 0.16 
 0.55 0.84 0.17 
 0.54 0.85 0.16 
 0.55 0.87 0.16 
 0.54 0.85 0.14 
 0.55 0.86 0.16 
 0.53 0.86 0.15 
 0.54 0.85 0.16 
 0.53 0.83 0.14 
 0.55 0.84 0.16 
 0.55 0.88 0.17 
 0.54 0.86 0.17 
 0.52 0.88 0.17 
 0.53 0.86 0.19 
 0.53 0.86 0.16 
 0.53 0.85 0.16 
 0.55 0.83 0.15 
 0.55 0.84 0.14 
 0.56 0.83 0.15 
 0.55 0.80 0.14 
 0.57 0.83 0.19 
 0.57 0.85 0.19 
 0.55 0.89 0.22 
 0.52 0.85 0.22 
 0.52 0.88 0.22 
 0.51 0.84 0.21 
 0.52 0.83 0.17 
 0.53 0.86 0.19 
 0.51 0.84 0.15 
 0.56 0.87 0.16 
 0.53 0.83 0.11 
 0.57 0.85 0.14 
 0.55 0.81 0.13 
 0.57 0.88 0.14 
 0.53 0.83 0.15 
 0.56 0.89 0.17 
 0.54 0.87 0.15 
 0.55 0.83 0.18 
 0.53 0.79 0.18 
 0.53 0.81 0.21 
 0.50 0.85 0.23 
 0.54 0.91 0.27 
 0.52 0.90 0.22 
 0.52 0.87 0.20 
 0.53 0.87 0.19 
 0.51 0.88 0.14 
 0.50 0.85 0.13 
 0.51 0.85 0.10 
 0.52 0.83 0.12 
 0.53 0.86 0.12 
 0.54 0.86 0.14 
 0.54 0.90 0.15 
 0.53 0.88 0.17 
 0.52 0.88 0.16 
 0.52 0.88 0.17 
 0.51 0.84 0.15 
 0.51 0.84 0.16 
 0.53 0.80 0.21 
 0.61 0.78 0.21 
 0.62 0.77 0.18 
 0.62 0.76 0.19 
 0.62 0.75 0.18 
 0.61 0.75 0.18 
 0.61 0.77 0.17 
 0.60 0.76 0.18 
 0.62 0.75 0.19 
 0.59 0.74 0.19 
 0.57 0.76 0.21 
 0.57 0.85 0.21 
 0.58 0.81 0.22 
 0.60 0.78 0.21 
 0.56 0.79 0.20 
 0.54 0.83 0.17 
 0.57 0.84 0.24 
 0.56 0.83 0.33 
 0.54 0.81 0.34 
 0.61 0.80 0.33 
 0.50 0.72 0.47 
 0.51 0.87 0.42 
 0.45 0.95 0.36 
 0.36 0.76 0.29 
 0.52 0.56 0.36 
 0.42 0.56 0.42 
 0.44 0.64 0.44 
 0.22 0.70 0.53 
 0.27 0.86 0.61 
 0.41 0.73 0.69 
 0.37 0.62 0.64 
 1.03 1.50 0.76 
 0.63 0.57 0.59 
 0.35 0.39 0.18 
 0.53 1.23 0.09 
 0.47 0.68 0.23 
 0.60 0.77 0.18 
 0.58 0.69 0.09 
 0.48 0.80 0.20 
 0.45 0.82 0.18 
 0.45 0.81 0.08 
 0.51 0.80 0.09 
 0.52 0.89 0.06 
 0.49 0.89 0.06 
 0.47 0.84 0.07 
 0.59 0.90 0.18 
 0.56 1.13 0.09 
 0.63 1.18 0.15 
 0.68 0.63 0.10 
 0.73 0.58 0.22 
 0.75 0.77 0.18 
 0.58 0.73 0.20 
 0.65 0.73 0.24 
 0.46 0.84 0.32 
 0.42 0.72 0.30 
 0.43 0.55 0.23 
 0.45 0.31 0.33 
 0.28 0.55 0.58 
 0.25 0.98 0.78 
 0.38 0.94 0.85 
 0.31 0.42 0.59 
 1.62 1.52 0.49 
 0.38 0.01 0.03 
 0.43 1.06 0.01 
 0.40 1.06 0.10 
 0.51 0.76 0.34 
 0.74 0.56 0.24 
 0.50 0.75 0.17 
 0.48 0.80 0.22 
 0.35 0.85 0.15 
 0.51 0.80 0.09 
 0.53 0.91 0.14 
 0.48 0.95 0.06 
 0.55 0.84 0.12 
 0.51 1.03 0.12 
 0.51 1.28 0.00 
 0.56 0.83 0.14 
 0.71 0.58 0.17 
 0.92 0.80 0.25 
 0.58 0.68 0.33 
 0.59 0.82 0.37 
 0.28 0.86 0.32 
 0.28 0.82 0.25 
 0.39 0.52 0.44 
 0.49 0.52 0.30 
 0.38 0.45 0.50 
 0.20 0.90 0.67 
 0.26 1.03 0.82 
 0.30 0.73 0.72 
 1.11 1.35 0.66 
 0.92 0.53 0.55 
 0.41 0.36 0.03 
 0.47 1.26 0.02 
 0.33 0.73 0.20 
 0.63 0.78 0.32 
 0.55 0.68 0.20 
 0.44 0.83 0.13 
 0.41 0.83 0.25 
 0.42 0.77 0.12 
 0.53 0.80 0.08 
 0.49 0.95 0.17 
 0.36 1.00 0.05 
 0.54 0.95 0.23 
 0.55 1.14 0.10 
 0.56 1.03 0.09 
 0.75 0.50 0.19 
 0.94 0.75 0.19 
 0.61 0.74 0.19 
 0.65 0.75 0.37 
 0.54 0.75 0.34 
 0.42 0.64 0.31 
 0.39 0.54 0.39 
 0.42 0.42 0.31 
 0.35 0.56 0.51 
 0.20 0.85 0.67 
 0.29 1.21 0.94 
 0.27 0.51 0.60 
 1.00 1.27 0.54 
 0.68 0.72 0.68 
 0.26 0.70 0.06 
 0.41 1.30 0.04 
 0.46 0.73 0.15 
 0.61 0.76 0.16 
 0.60 0.68 0.17 
 0.49 0.82 0.15 
 0.35 0.97 0.15 
 0.41 0.81 0.13 
 0.54 0.79 0.11 
 0.50 0.85 0.13 
 0.50 0.89 0.09 
 0.43 0.93 0.00 
 0.51 0.94 0.23 
 0.53 1.12 0.16 
 0.48 1.13 0.15 
 0.68 0.65 0.23 
 0.80 0.49 0.21 
 0.80 0.86 0.23 
 0.57 0.75 0.25 
 0.49 0.82 0.38 
 0.33 0.82 0.08 
 0.38 0.63 0.47 
 0.34 0.49 0.33 
 0.39 0.45 0.36 
 0.30 0.63 0.59 
 0.17 1.11 0.94 
 0.16 0.91 0.81 
 0.34 0.35 0.54 
 1.26 0.95 0.52 
 0.49 0.00 0.07 
 0.53 0.89 0.06 
 0.32 1.09 0.05 
 0.54 0.82 0.38 
 0.73 0.49 0.12 
 0.55 0.79 0.14 
 0.37 0.93 0.21 
 0.26 0.85 0.19 
 0.41 0.86 0.09 
 0.53 0.99 0.20 
 0.29 1.01 0.13 
 0.56 0.91 0.11 
 0.70 1.09 0.29 
 0.64 0.99 0.29 
 0.61 0.59 0.14 
 0.86 0.60 0.24 
 0.67 0.67 0.24 
 0.52 0.64 0.32 
 0.41 0.82 0.29 
 0.32 0.73 0.20 
 0.34 0.57 0.46 
 0.33 0.47 0.40 
 0.29 0.67 0.52 
 0.15 1.02 0.74 
 0.17 1.19 0.79 
 0.43 0.76 0.49 
 1.13 0.72 0.48 
 0.64 0.18 0.28 
 0.44 1.02 0.03 
 0.28 1.19 0.05 
 0.41 0.93 0.27 
 0.64 0.68 0.11 
 0.56 0.73 0.08 
 0.50 0.78 0.34 
 0.35 0.91 0.12 
 0.37 0.88 0.09 
 0.53 0.88 0.11 
 0.55 0.95 0.25 
 0.37 0.89 0.04 
 0.47 0.95 0.24 
 0.56 1.16 0.10 
 0.54 1.17 0.17 
 0.67 0.57 0.12 
 0.81 0.76 0.22 
 0.55 0.85 0.29 
 0.56 0.80 0.35 
 0.54 0.83 0.32 
 0.39 0.65 0.16 
 0.41 0.47 0.38 
 0.35 0.47 0.30 
 0.38 0.47 0.47 
 0.29 0.85 0.65 
 0.31 1.26 0.95 
 0.13 0.63 0.61 
 1.03 1.36 0.47 
 0.55 0.35 0.58 
 0.42 0.83 0.09 
 0.40 1.07 0.07 
 0.39 0.90 0.21 
 0.66 0.75 0.18 
 0.57 0.76 0.12 
 0.56 0.81 0.16 
 0.37 0.92 0.18 
 0.38 0.84 0.15 
 0.53 0.79 0.11 
 0.53 0.92 0.13 
 0.53 0.92 0.11 
 0.38 0.93 0.08 
 0.46 0.94 0.24 
 0.53 1.14 0.19 
 0.51 1.10 0.07 
 0.63 0.63 0.21 
 0.73 0.61 0.20 
 0.78 0.90 0.21 
 0.57 0.76 0.29 
 0.54 0.78 0.35 
 0.27 0.73 0.33 
 0.32 0.62 0.38 
 0.41 0.44 0.29 
 0.45 0.38 0.39 
 0.25 0.69 0.67 
 0.21 1.18 0.98 
 0.14 0.96 0.72 
 0.27 0.35 0.44 
 1.21 1.35 0.45 
 0.50 0.22 0.15 
 0.32 0.93 0.01 
 0.36 1.26 0.12 
 0.48 0.79 0.44 
 0.69 0.59 0.09 
 0.55 0.67 0.11 
 0.44 0.91 0.21 
 0.30 0.93 0.11 
 0.48 0.73 0.11 
 0.54 0.91 0.15 
 0.46 0.94 0.16 
 0.37 0.92 0.07 
 0.51 0.94 0.24 
 0.46 1.15 0.18 
 0.46 1.10 0.24 
 0.69 0.65 0.25 
 0.73 0.65 0.27 
 0.78 0.96 0.28 
 0.58 0.78 0.29 
 0.49 0.87 0.37 
 0.28 0.76 0.14 
 0.31 0.58 0.41 
 0.38 0.38 0.35 
 0.35 0.47 0.41 
 0.22 0.74 0.66 
 0.24 1.13 1.11 
 0.15 0.83 0.65 
 0.84 1.21 0.78 
 0.78 0.38 0.56 
 0.48 0.51 0.16 
 0.50 0.98 0.06 
 0.42 0.80 0.01 
 0.59 0.77 0.19 
 0.62 0.73 0.12 
 0.44 0.88 0.16 
 0.41 0.90 0.16 
 0.38 0.85 0.20 
 0.48 0.80 0.15 
 0.52 0.97 0.21 
 0.37 1.01 0.02 
 0.42 0.95 0.11 
 0.64 1.03 0.14 
 0.57 1.02 0.22 
 0.62 0.73 0.35 
 0.67 0.58 0.18 
 0.79 0.62 0.25 
 0.88 0.72 0.47 
 0.50 0.67 0.32 
 0.48 0.61 0.31 
 0.42 0.68 0.38 
 0.43 0.60 0.40 
 0.40 0.51 0.41 
 0.35 0.77 0.42 
 0.23 0.90 0.60 
 0.40 1.26 0.67 
 0.70 0.69 0.39 
 0.48 0.61 0.29 
 0.50 0.79 0.21 
 0.55 1.02 0.27 
 0.36 0.97 0.29 
 0.56 0.88 0.20 
 0.48 0.79 0.18 
 0.52 0.81 0.24 
 0.46 0.81 0.26 
 0.41 0.94 0.21 
 0.49 0.93 0.17 
 0.62 0.90 0.17 
 