0.17 -0.22 -1.04 
0.17 -0.19 -0.95 
0.20 -0.19 -1.02 
0.17 -0.23 -0.90 
0.18 -0.20 -0.90 
0.17 -0.20 -0.91 
0.13 -0.26 -0.94 
0.10 -0.30 -1.00 
0.13 -0.24 -0.96 
0.15 -0.22 -0.94 
0.15 -0.24 -0.91 
0.15 -0.23 -0.91 
0.09 -0.22 -0.84 
0.03 -0.13 -0.80 
0.00 -0.15 -1.06 
-0.05 -0.17 -1.06 
-0.09 -0.20 -0.91 
-0.14 -0.19 -0.83 
-0.20 -0.20 -0.94 
-0.20 -0.19 -0.93 
-0.19 -0.18 -0.97 
-0.15 -0.22 -1.18 
-0.09 0.00 -0.91 
0.12 0.17 -0.79 
0.25 0.55 -1.02 
0.15 0.21 -0.97 
0.16 0.21 -0.97 
0.16 0.21 -0.97 
0.16 0.21 -0.99 
0.16 0.21 -0.98 
0.16 0.21 -1.00 
0.16 0.22 -0.98 
0.16 0.21 -0.97 
0.16 0.21 -0.98 
0.16 0.21 -0.98 
0.16 0.21 -0.99 
0.16 0.21 -0.98 
0.16 0.21 -0.99 
0.16 0.21 -0.98 
0.16 0.21 -0.98 
0.16 0.21 -0.98 
0.16 0.20 -0.98 
0.16 0.21 -0.98 
0.16 0.21 -0.98 
0.16 0.21 -0.98 
0.16 0.21 -0.98 
0.16 0.21 -0.98 
0.16 0.21 -0.98 
0.16 0.20 -0.98 
0.16 0.20 -0.98 
0.16 0.20 -0.98 
0.16 0.21 -0.98 
0.15 0.21 -0.98 
0.16 0.20 -0.98 
0.16 0.20 -0.99 
0.16 0.20 -0.98 
0.16 0.20 -0.98 
0.16 0.21 -0.97 
0.16 0.0.16 0.21 -0.99 
0.16 0.20 -0.98 
0.16 0.20 -0.98 
0.16 0.21 -0.99 
0.16 0.20 -0.98 
0.16 0.20 -0.99 
0.16 0.20 -0.98 
0.16 0.20 -0.99 
0.16 0.21 -0.98 
0.16 0.21 -0.98 
0.16 0.20 -0.98 
0.16 0.20 -0.98 
0.16 0.20 -0.98 
0.16 0.20 -0.99 
0.16 0.20 -0.98 
0.16 0.20 -0.99 
0.16 0.20 -0.98 
0.16 0.21 -0.99 
0.16 0.21 -0.99 
0.16 0.20 -0.98 
0.16 0.20 -0.99 
0.16 0.21 -0.99 
0.16 0.20 -0.98 
0.16 0.21 -0.98 
0.16 0.20 -0.98 
0.16 0.20 -0.98 
0.16 0.19 -0.98 
0.16 0.20 -0.98 
0.15 0.21 -0.98 
0.16 0.20 -0.97 
0.16 0.20 -0.98 
0.16 0.20 -0.99 
0.16 0.20 -0.98 
0.16 0.21 -0.98 
0.15 0.20 -0.98 
0.16 0.20 -0.98 
0.16 0.20 -0.98 
0.16 0.20 -0.99 
0.16 0.20 -0.98 
0.16 0.20 -0.98 
0.16 0.20 -0.98 
0.16 0.20 -0.99 
0.16 0.20 -0.98 
0.16 0.20 -0.98 
0.16 0.20 -0.98 
0.15 0.20 -0.98 
0.16 0.20 -0.98 
0.16 0.20 -0.98 
0.16 0.20 -0.98 
0.16 0.20 -0.98 
0.16 0.20 -0.97 
0.16 0.20 -0.98 
0.16 0.20 -0.98 
0.16 0.20 -0.98 
0.16 0.20 -0.99 
0.16 0.20 -0.99 
0.16 0.20 -0.98 
0.16 0.20 -0.98 
0.16 0.20 -0.98 
0.16 0.21 -0.99 
0.15 0.20 -0.98 
0.16 0.20 -0.97 
0.16 0.20 -0.98 
0.16 0.20 -0.99 
0.16 0.20 -0.99 
0.16 0.21 -0.98 
0.16 0.21 -0.99 
0.16 0.21 -0.98 
