000.027 
000.028 
000.032 
000.037 
000.042 
000.047 
000.052 
000.056 
000.061 
000.066 
000.071 
000.076 
000.080 
000.085 
000.090 
000.095 
000.100 
001.002 
001.007 
001.012 
001.016 
001.021 
001.026 
001.031 
001.036 
001.040 
001.045 
001.050 
001.055 
001.060 
001.064 
001.069 
001.074 
001.079 
001.084 
001.088 
001.093 
001.098 
002.000 
002.005 
002.010 
002.015 
002.020 
002.024 
002.029 
002.034 
002.039 
002.044 
002.048 
002.053 
002.058 
002.063 
002.068 
002.072 
002.077 
002.082 
002.087 
002.092 
002.096 
002.101 
003.004 
003.008 
003.013 
003.018 
003.023 
003.028 
003.032 
003.037 
003.042 
003.047 
003.052 
003.056 
003.061 
003.066 
003.071 
003.076 
003.080 
003.085 
003.090 
003.095 
003.100 
004.002 
004.007 
004.012 
004.016 
004.021 
004.026 
004.031 
004.036 
004.040 
004.045 
004.050 
004.055 
004.060 
004.064 
004.069 
004.074 
004.079 
004.084 
004.088 
004.093 
004.098 
005.000 
005.005 
005.010 
005.015 
005.020 
005.024 
005.029 
005.034 
005.039 
005.044 
005.048 
005.053 
005.058 
005.063 
005.068 
005.072 
005.077 
005.082 
005.087 
005.092 
005.096 
005.101 
006.004 
006.008 
006.013 
006.018 
006.023 
006.028 
006.032 
006.037 
006.042 
006.047 
006.052 
006.056 
006.061 
006.066 
006.071 
006.076 
006.080 
006.085 
006.090 
006.095 
006.100 
007.002 
007.007 
007.012 
007.016 
007.021 
007.026 
007.031 
007.036 
007.040 
007.045 
007.050 
007.055 
007.060 
007.064 
007.069 
007.074 
007.079 
007.084 
007.088 
007.093 
007.098 
008.000 
008.005 
008.010 
008.015 
008.020 
008.024 
008.029 
008.034 
008.039 
008.044 
008.048 
008.053 
008.058 
008.063 
008.068 
008.072 
008.077 
008.082 
008.087 
008.092 
008.096 
008.101 
009.004 
009.008 
009.013 
009.018 
009.023 
009.028 
009.032 
009.037 
009.042 
009.047 
009.052 
009.056 
009.061 
009.066 
009.071 
009.076 
009.080 
009.085 
009.090 
009.095 
009.100 
010.002 
010.007 
010.012 
010.016 
010.021 
010.026 
010.031 
010.036 
010.040 
010.045 
010.050 
010.055 
010.060 
010.064 
010.069 
010.074 
010.079 
010.084 
010.088 
010.093 
010.098 
011.000 
011.005 
011.010 
011.015 
011.020 
011.024 
011.029 
011.034 
011.039 
011.044 
011.048 
011.053 
011.058 
011.063 
011.068 
011.072 
011.077 
011.082 
011.087 
011.092 
011.096 
011.101 
012.004 
012.008 
012.013 
012.018 
012.023 
012.028 
012.032 
012.037 
012.042 
012.047 
012.052 
012.056 
012.061 
012.066 
012.071 
012.076 
012.080 
012.085 
012.090 
012.095 
012.100 
013.002 
013.007 
013.012 
013.016 
013.021 
013.026 
013.031 
013.036 
013.040 
013.045 
013.050 
013.055 
013.060 
013.064 
013.069 
013.074 
013.079 
013.084 
013.088 
013.093 
013.098 
014.000 
014.005 
014.010 
014.015 
014.020 
014.024 
014.029 
014.034 
014.039 
014.044 
014.048 
014.053 
014.058 
014.063 
014.068 
014.072 
014.077 
014.082 
014.087 
014.092 
014.096 
014.101 
015.004 
015.008 
015.013 
015.018 
015.023 
015.028 
015.032 
015.037 
015.042 
015.047 
015.052 
015.056 
015.061 
015.066 
015.071 
015.076 
015.080 
015.085 
015.090 
015.095 
015.100 
016.002 
016.007 
016.012 
016.016 
016.021 
016.026 
016.031 
016.036 
016.040 
016.045 
