000.027 
000.028 
000.032 
000.037 
000.042 
000.047 
000.052 
000.056 
000.061 
000.066 
000.071 
000.076 
000.080 
000.085 
000.090 
000.095 
000.100 
001.002 
001.007 
001.012 
001.016 
001.021 
001.026 
001.031 
001.036 
001.040 
001.045 
001.050 
001.055 
001.060 
001.064 
001.069 
001.074 
001.079 
001.084 
001.088 
001.093 
001.098 
002.000 
002.005 
002.010 
002.015 
002.020 
002.024 
002.029 
002.034 
002.039 
002.044 
002.048 
002.053 
002.058 
002.063 
002.068 
002.072 
002.077 
002.082 
002.087 
002.092 
002.096 
002.101 
003.004 
003.008 
003.013 
003.018 
003.023 
003.028 
003.032 
003.037 
003.042 
003.047 
003.052 
003.056 
003.061 
003.066 
003.071 
003.076 
003.080 
003.085 
003.090 
003.095 
003.100 
004.002 
004.007 
004.012 
004.016 
004.021 
004.026 
004.031 
004.036 
004.040 
004.045 
004.050 
004.055 
004.060 
004.064 
004.069 
004.074 
004.079 
004.084 
004.088 
004.093 
004.098 
005.000 
005.005 
005.010 
005.015 
005.020 
005.024 
005.029 
005.034 
005.039 
005.044 
005.048 
005.053 
005.058 
005.063 
005.068 
005.072 
005.077 
005.082 
005.087 
005.092 
005.096 
005.101 
006.004 
006.008 
006.013 
006.018 
006.023 
006.028 
006.032 
006.037 
006.042 
006.047 
006.052 
006.056 
006.061 
006.066 
006.071 
006.076 
006.080 
006.085 
006.090 
006.095 
006.100 
007.002 
007.007 
007.012 
007.016 
007.021 
007.026 
007.031 
007.036 
007.040 
007.045 
007.050 
007.055 
007.060 
007.064 
007.069 
007.074 
007.079 
007.084 
007.088 
007.093 
007.098 
008.000 
008.005 
008.010 
008.015 
008.020 
008.024 
008.029 
008.034 
008.039 
008.044 
008.048 
008.053 
008.058 
008.063 
008.068 
008.072 
008.077 
008.082 
008.087 
008.092 
008.096 
008.101 
009.004 
009.008 
009.013 
009.018 
009.023 
009.028 
009.032 
009.037 
009.042 
009.047 
009.052 
009.056 
009.061 
009.066 
009.071 
009.076 
009.080 
009.085 
009.090 
009.095 
009.100 
010.002 
010.007 
010.012 
010.016 
010.021 
010.026 
010.031 
010.036 
010.040 
010.045 
010.050 
010.055 
010.060 
010.064 
010.069 
010.074 
010.079 
010.084 
010.088 
010.093 
010.098 
011.000 
011.005 
011.010 
011.015 
011.020 
011.024 
011.029 
011.034 
011.039 
011.044 
011.048 
011.053 
011.058 
011.063 
011.068 
011.072 
011.077 
011.082 
011.087 
011.092 
011.096 
011.101 
012.004 
012.008 
012.013 
012.018 
012.023 
012.028 
012.032 
012.037 
012.042 
012.047 
012.052 
012.056 
012.061 
012.066 
012.071 
012.076 
012.080 
012.085 
012.090 
012.095 
012.100 
013.002 
013.007 
013.012 
013.016 
013.021 
013.026 
013.031 
013.036 
013.040 
013.045 
013.050 
013.055 
013.060 
013.064 
013.069 
013.074 
013.079 
013.084 
013.088 
013.093 
013.098 
014.000 
014.005 
014.010 
014.015 
014.020 
014.024 
014.029 
014.034 
014.039 
014.044 
014.048 
014.053 
014.058 
014.063 
014.068 
014.072 
014.077 
014.082 
014.087 
014.092 
014.096 
014.101 
015.004 
015.008 
015.013 
015.018 
015.023 
015.028 
015.032 
015.037 
015.042 
015.047 
015.052 
015.056 
015.061 
015.066 
015.071 
015.076 
015.080 
015.085 
015.090 
015.095 
015.100 
016.002 
016.007 
016.012 
016.016 
016.021 
016.026 
016.031 
016.036 
016.040 
016.045 
016.050 
016.055 
016.060 
016.064 
016.069 
016.074 
016.079 
016.084 
016.088 
016.093 
016.098 
017.000 
017.005 
017.010 
017.015 
017.020 
017.024 
017.029 
017.034 
017.039 
017.044 
017.048 
017.053 
017.058 
017.063 
017.068 
017.072 
017.077 
017.082 
017.087 
017.092 
017.096 
017.101 
018.004 
018.008 
018.013 
018.018 
018.023 
018.028 
018.032 
018.037 
018.042 
018.047 
018.052 
018.056 
018.061 
018.066 
018.071 
018.076 
018.080 
018.085 
018.090 
018.095 
018.100 
019.002 
019.007 
019.012 
019.016 
019.021 
019.026 
019.031 
019.036 
019.040 
019.045 
019.050 
019.055 
019.060 
019.064 
019.069 
019.074 
019.079 
019.084 
019.088 
019.093 
019.098 
020.000 
020.005 
020.010 
020.015 
020.020 
020.024 
020.029 
020.034 
020.039 
020.044 
020.048 
020.053 
020.058 
020.063 
020.068 
020.072 
020.077 
020.082 
020.087 
020.092 
020.096 
020.101 
021.004 
021.008 
021.013 
021.018 
021.023 
021.028 
021.032 
021.037 
021.042 
021.047 
021.052 
021.056 
021.061 
021.066 
021.071 
021.076 
021.080 
021.085 
021.090 
021.095 
021.100 
022.002 
022.007 
022.012 
022.016 
022.021 
022.026 
022.031 
022.036 
022.040 
022.045 
022.050 
022.055 
022.060 
022.064 
022.069 
022.074 
022.079 
022.084 
022.088 
022.093 
022.098 
023.000 
023.005 
023.010 
023.015 
023.020 
023.024 
023.029 
023.034 
023.039 
023.044 
023.048 
023.053 
023.058 
023.063 
023.068 
023.072 
023.077 
023.082 
023.087 
023.092 
023.096 
023.101 
024.004 
024.008 
024.013 
024.018 
024.023 
024.028 
024.032 
024.037 
024.042 
024.047 
024.052 
024.056 
024.061 
024.066 
024.071 
024.076 
024.080 
024.085 
024.090 
024.095 
024.100 
025.002 
025.007 
025.012 
025.016 
025.021 
025.026 
025.031 
025.036 
025.040 
025.045 
025.050 
025.055 
025.060 
025.064 
025.069 
025.074 
025.079 
025.084 
025.088 
025.093 
025.098 
026.000 
026.005 
026.010 
026.015 
026.020 
026.024 
026.029 
026.034 
026.039 
026.044 
026.048 
026.053 
026.058 
026.063 
026.068 
026.072 
026.077 
026.082 
026.087 
026.092 
026.096 
026.101 
027.004 
027.008 
027.013 
027.018 
027.023 
027.028 
027.032 
027.037 
027.042 
027.047 
027.052 
027.056 
027.061 
027.066 
027.071 
027.076 
027.080 
027.085 
027.090 
027.095 
027.100 
028.002 
028.007 
028.012 
028.016 
028.021 
028.026 
028.031 
028.036 
028.040 
028.045 
028.050 
028.055 
028.060 
028.064 
028.069 
028.074 
028.079 
028.084 
028.088 
028.093 
028.098 
029.000 
029.005 
029.010 
029.024 
029.024 
029.024 
029.029 
029.034 
029.039 
029.044 
029.048 
029.053 
029.058 
029.063 
029.068 
029.072 
029.077 
029.082 
029.087 
029.092 
029.096 
029.101 
030.004 
030.008 
030.013 
030.018 
030.023 
030.028 
030.032 
030.037 
030.042 
030.047 
030.052 
030.056 
030.061 
030.066 
030.071 
030.076 
030.080 
030.085 
030.090 
030.095 
030.100 
031.002 
031.007 
031.012 
031.016 
031.021 
031.026 
031.031 
031.036 
031.040 
031.045 
031.050 
031.055 
031.060 
031.064 
031.069 
031.074 
031.079 
031.084 
031.088 
031.093 
031.098 
032.000 
032.005 
032.010 
032.015 
032.020 
032.024 
032.029 
032.034 
032.039 
032.044 
032.048 
032.053 
032.058 
032.063 
032.068 
032.072 
032.077 
032.082 
032.087 
032.092 
032.096 
032.101 
033.004 
033.008 
033.013 
033.018 
033.023 
033.028 
033.032 
033.037 
033.042 
033.047 
033.052 
033.056 
033.061 
033.066 
033.071 
033.076 
033.080 
033.085 
033.090 
033.095 
033.100 
034.002 
034.007 
034.012 
034.016 
034.021 
034.026 
034.031 
034.036 
034.040 
034.045 
034.050 
034.055 
034.060 
034.064 
034.069 
034.074 
034.079 
034.084 
034.088 
034.093 
034.098 
035.000 
035.005 
035.010 
035.015 
035.020 
035.024 
035.029 
035.034 
035.039 
035.044 
035.048 
035.053 
035.058 
035.063 
035.068 
035.072 
035.077 
035.082 
035.087 
035.092 
035.096 
035.101 
036.004 
036.008 
036.013 
036.018 
036.023 
036.028 
036.032 
036.037 
036.042 
036.047 
036.052 
036.056 
036.061 
036.066 
036.071 
036.076 
036.080 
036.085 
036.090 
036.095 
036.100 
037.002 
037.007 
037.012 
037.016 
037.021 
037.026 
037.031 
037.036 
037.040 
037.045 
037.050 
037.055 
037.060 
037.064 
037.069 
037.074 
037.079 
037.084 
037.088 
037.093 
037.098 
038.000 
038.005 
038.010 
038.015 
038.020 
038.024 
038.029 
038.034 
038.039 
038.044 
038.048 
038.053 
038.058 
038.063 
038.068 
038.072 
038.077 
038.082 
038.087 
038.092 
038.096 
038.101 
039.004 
039.008 
039.013 
039.018 
039.023 
039.028 
039.032 
039.037 
039.042 
039.047 
039.052 
039.056 
039.061 
039.066 
039.071 
039.076 
039.080 
039.085 
039.090 
039.095 
039.100 
040.002 
040.007 
040.012 
040.016 
040.021 
040.026 
040.031 
040.036 
040.040 
040.045 
040.050 
040.055 
040.060 
040.064 
040.069 
040.074 
040.079 
040.084 
040.088 
040.093 
040.098 
041.000 
041.005 
041.010 
041.015 
041.020 
041.024 
041.029 
041.034 
041.039 
041.044 
041.048 
041.053 
041.058 
041.063 
041.068 
041.072 
041.077 
041.082 
041.087 
041.092 
041.096 
041.101 
042.004 
042.008 
042.013 
042.018 
042.023 
042.028 
042.032 
042.037 
042.042 
042.047 
042.052 
042.056 
042.061 
042.066 
042.071 
042.076 
042.080 
042.085 
042.090 
042.095 
042.100 
043.002 
043.007 
043.012 
043.016 
043.021 
043.026 
043.031 
043.036 
043.040 
043.045 
043.050 
043.055 
043.060 
043.064 
043.069 
043.074 
043.079 
043.084 
043.088 
043.093 
043.098 
044.000 
044.005 
044.010 
044.015 
044.020 
044.024 
044.029 
044.034 
044.039 
044.044 
044.048 
044.053 
044.058 
044.063 
044.068 
044.072 
044.077 
044.082 
044.087 
044.092 
044.096 
044.101 
045.004 
045.008 
045.013 
045.018 
045.023 
045.028 
045.032 
045.037 
045.042 
045.047 
045.052 
045.056 
045.061 
045.066 
045.071 
045.076 
045.080 
045.085 
045.090 
045.095 
045.100 
046.002 
046.007 
046.012 
046.016 
046.021 
046.026 
046.031 
046.036 
046.040 
046.045 
046.050 
046.055 
046.060 
046.064 
046.069 
046.074 
046.079 
046.084 
046.088 
046.093 
046.098 
047.000 
047.005 
047.010 
047.015 
047.020 
047.024 
047.029 
047.034 
047.039 
047.044 
047.048 
047.053 
047.058 
047.063 
047.068 
047.072 
047.077 
047.082 
047.087 
047.092 
047.096 
047.101 
048.004 
048.008 
048.013 
048.018 
048.023 
048.028 
048.032 
048.037 
048.042 
048.047 
048.052 
048.056 
048.061 
048.066 
048.071 
048.076 
048.080 
048.085 
048.090 
048.095 
048.100 
049.002 
049.007 
049.012 
049.016 
049.021 
049.026 
049.031 
049.036 
049.040 
049.045 
049.050 
049.055 
049.060 
049.064 
049.069 
049.074 
049.079 
049.084 
049.088 
049.093 
049.098 
050.000 
050.005 
050.010 
050.015 
050.020 
050.024 
050.029 
050.034 
050.039 
050.044 
050.048 
050.053 
050.058 
050.063 
050.068 
050.072 
050.077 
050.082 
050.087 
050.092 
050.096 
050.101 
051.004 
051.008 
051.013 
051.018 
051.023 
051.028 
051.032 
051.037 
051.042 
051.047 
051.052 
051.056 
051.061 
051.066 
051.071 
051.076 
051.080 
051.085 
051.090 
051.095 
051.100 
052.002 
052.007 
052.012 
052.016 
052.021 
052.026 
052.031 
052.036 
052.040 
052.045 
052.050 
052.055 
052.060 
052.064 
052.069 
052.074 
052.079 
052.084 
052.088 
052.093 
052.098 
053.000 
053.005 
053.010 
053.015 
053.020 
053.024 
053.029 
053.034 
053.039 
053.044 
053.048 
053.053 
053.058 
053.063 
053.068 
053.072 
053.077 
053.082 
053.087 
053.092 
053.096 
053.101 
054.004 
054.008 
054.013 
054.018 
054.023 
054.028 
054.032 
054.037 
054.042 
054.047 
054.052 
054.056 
054.061 
054.066 
054.071 
054.076 
054.080 
054.085 
054.090 
054.095 
054.100 
055.002 
055.007 
055.012 
055.016 
055.021 
055.026 
055.031 
055.036 
055.040 
055.045 
055.050 
055.055 
055.060 
055.064 
055.069 
055.074 
055.079 
055.084 
055.088 
055.093 
055.098 
056.000 
056.005 
056.010 
056.015 
056.020 
056.024 
056.029 
056.034 
056.039 
056.044 
056.048 
056.053 
056.058 
056.063 
056.068 
056.072 
056.077 
056.082 
056.087 
056.092 
056.096 
056.101 
057.004 
057.008 
057.013 
057.018 
057.023 
057.028 
057.032 
057.037 
057.042 
057.047 
057.052 
057.056 
057.061 
057.066 
057.071 
057.076 
057.080 
057.085 
057.090 
057.095 
057.100 
058.002 
058.007 
058.012 
058.016 
058.021 
058.026 
058.031 
058.036 
058.040 
058.045 
058.050 
058.055 
058.060 
058.064 
058.069 
058.074 
058.079 
058.084 
058.088 
058.093 
058.098 
059.000 
059.005 
059.010 
059.015 
059.020 
059.024 
059.029 
059.034 
059.039 
059.044 
059.048 
059.053 
059.058 
059.063 
059.068 
059.072 
059.077 
059.082 
059.087 
059.092 
059.096 
059.101 
060.004 
060.008 
060.013 
060.018 
060.023 
060.028 
060.032 
060.037 
060.042 
060.047 
060.052 
060.056 
060.061 
060.066 
060.071 
060.076 
060.080 
060.085 
060.090 
060.095 
060.100 
061.002 
061.007 
061.012 
061.016 
061.021 
061.026 
061.031 
061.036 
061.040 
061.045 
061.050 
061.055 
061.060 
061.064 
061.069 
061.074 
061.079 
061.084 
061.088 
061.093 
061.098 
062.000 
062.005 
062.010 
062.015 
062.020 
062.024 
062.029 
062.034 
062.039 
062.044 
062.048 
062.053 
062.058 
062.063 
062.068 
062.072 
062.077 
062.082 
062.087 
062.092 
062.096 
062.101 
063.004 
063.008 
063.013 
063.018 
063.023 
063.028 
063.032 
063.037 
063.042 
063.047 
063.052 
063.056 
063.061 
063.066 
063.071 
063.076 
063.080 
063.085 
063.090 
063.095 
063.100 
064.002 
064.007 
064.012 
064.016 
064.021 
064.026 
064.031 
064.036 
064.040 
064.045 
064.050 
064.055 
064.060 
064.064 
064.069 
064.074 
064.079 
064.084 
064.088 
064.093 
064.098 
065.000 
065.005 
065.010 
065.015 
065.020 
065.024 
065.029 
065.034 
065.039 
065.044 
065.048 
065.053 
065.058 
065.063 
065.068 
065.072 
065.077 
065.082 
065.087 
065.092 
065.096 
065.101 
066.004 
066.008 
066.013 
066.018 
066.023 
066.028 
066.032 
066.037 
066.042 
066.047 
066.052 
066.056 
066.061 
066.066 
066.071 
066.076 
066.080 
066.085 
066.090 
066.095 
066.100 
067.002 
067.007 
067.012 
067.016 
067.021 
067.026 
067.031 
067.036 
067.040 
067.045 
067.050 
067.055 
067.060 
067.064 
067.069 
067.074 
067.079 
067.084 
067.088 
067.093 
067.098 
068.000 
068.005 
068.010 
068.015 
068.020 
068.024 
068.029 
068.034 
068.039 
068.044 
068.048 
068.053 
068.058 
068.063 
068.068 
068.072 
068.077 
068.082 
068.087 
068.092 
068.096 
068.101 
069.004 
069.008 
069.013 
069.018 
069.023 
069.028 
069.032 
069.037 
069.042 
069.047 
069.052 
069.056 
069.061 
069.066 
069.071 
069.076 
069.080 
069.085 
069.090 
069.095 
069.100 
070.002 
070.007 
070.012 
070.016 
070.021 
070.026 
070.031 
070.036 
070.040 
070.045 
070.050 
070.055 
070.060 
070.064 
070.069 
070.074 
070.079 
070.084 
070.088 
070.093 
070.098 
071.000 
071.005 
071.010 
071.015 
071.020 
071.024 
071.029 
071.034 
071.039 
071.044 
