0.43 0.96 0.36 
 0.49 0.71 0.53 
 0.41 0.86 0.42 
 0.37 0.90 0.36 
 0.57 0.93 0.32 
 0.65 1.19 0.48 
 0.51 0.72 0.31 
 0.78 0.24 0.50 
 0.54 0.36 0.30 
 0.68 0.98 0.23 
 0.41 1.28 0.04 
 0.26 0.44 0.91 
 0.54 0.66 0.22 
 0.58 0.63 0.33 
 0.46 0.73 0.25 
 0.54 1.05 0.39 
 0.92 1.22 0.37 
 0.83 0.91 0.05 
 0.39 0.61 0.03 
 0.28 0.69 0.18 
 0.37 0.75 0.37 
 0.48 0.91 0.40 
 0.70 0.62 0.19 
 0.98 0.73 0.09 
 0.71 0.90 0.38 
 0.53 0.76 0.13 
 0.52 0.71 0.14 
 0.57 0.63 0.49 
 0.56 0.71 0.46 
 0.67 0.59 0.62 
 0.69 0.45 0.47 
 0.69 0.47 0.48 
 0.88 0.56 0.44 
 0.79 0.62 0.48 
 0.47 0.62 0.24 
 0.41 0.62 0.42 
 0.65 0.66 0.35 
 0.63 0.64 0.53 
 0.71 0.65 0.35 
 0.63 0.68 0.38 
 0.50 0.73 0.35 
 0.50 0.62 0.40 
 0.55 0.68 0.16 
 0.47 0.70 0.35 
 0.68 0.63 0.40 
 0.65 0.72 0.34 
 0.68 0.65 0.35 
 0.63 0.66 0.37 
 0.64 0.66 0.38 
 0.63 0.65 0.34 
 0.63 0.68 0.33 
 0.66 0.71 0.28 
 0.39 0.65 0.43 
 0.87 0.53 0.49 
 0.56 0.73 0.25 
 0.68 0.67 0.26 
 0.61 0.76 0.30 
 0.66 0.67 0.30 
 0.70 0.72 0.29 
 0.63 0.67 0.29 
 0.61 0.08 0.02 
 0.90 0.02 0.07 
 1.04 0.03 0.05 
 0.96 0.09 0.02 
 1.02 0.04 0.00 
 0.96 0.07 0.02 
 0.93 0.01 0.07 
 0.89 0.09 0.06 
 0.98 0.27 0.22 
 1.13 0.08 0.14 
 0.94 0.08 0.08 
 0.92 0.18 0.13 
 0.88 0.10 0.39 
 0.94 0.00 0.09 
 0.94 0.17 0.05 
 0.97 0.20 0.10 
 0.96 0.15 0.09 
 0.99 0.16 0.01 
 0.99 0.12 0.00 
 1.03 0.27 0.10 
 1.17 0.49 0.15 
 1.17 0.06 0.29 
 1.07 0.27 0.15 
 0.98 0.04 0.17 
 1.14 0.15 0.14 
 0.75 0.13 0.10 
 0.86 0.05 0.15 
 0.78 0.06 0.16 
 0.74 0.02 0.24 
 0.80 0.23 0.31 
 0.85 0.22 0.34 
 0.95 0.24 0.53 
 0.71 0.22 0.27 
 1.57 0.25 0.29 
 1.01 0.13 0.18 
 0.65 0.48 0.52 
 1.24 0.21 0.17 
 0.82 0.31 0.25 
 0.82 0.46 0.05 
 0.97 0.13 0.19 
 0.92 0.22 0.18 
 0.95 0.69 0.80 
 0.94 0.54 0.15 
 0.93 0.49 0.10 
 1.09 0.67 0.16 
 1.19 0.45 0.23 
 1.01 0.15 0.26 
 0.97 0.34 0.13 
 0.63 0.72 0.04 
 0.80 0.30 0.07 
 0.73 0.34 0.10 
 0.79 0.33 0.09 
 0.75 0.18 0.11 
 0.66 0.39 0.12 
 0.83 0.54 0.40 
 0.93 0.96 0.64 
 0.97 0.17 0.18 
 1.53 0.49 0.94 
 0.40 0.22 1.32 
 0.94 0.42 0.39 
 1.06 0.41 0.01 
 0.52 0.71 0.05 
 0.47 0.58 0.41 
 1.00 0.26 0.09 
 0.76 0.52 0.19 
 0.87 0.55 0.08 
 0.77 0.68 0.08 
 0.84 0.79 0.01 
 0.71 0.99 0.08 
 0.86 0.93 0.23 
 1.12 0.42 0.08 
 0.92 0.41 0.15 
 0.89 0.51 0.02 
 0.87 0.55 0.25 
 0.64 0.51 0.07 
 0.60 0.55 0.02 
 0.60 0.32 0.07 
 0.53 0.56 0.04 
 0.61 0.72 0.18 
 0.82 1.12 0.47 
 0.60 0.86 0.38 
 1.05 0.24 0.24 
 1.39 0.74 0.53 
 0.27 0.20 0.83 
 0.87 0.82 1.74 
 0.92 0.72 0.03 
 0.62 0.54 0.00 
 0.68 0.45 0.41 
 0.79 0.44 0.63 
 0.81 0.54 0.14 
 0.79 0.68 0.05 
 0.80 0.80 0.03 
 0.75 0.86 0.05 
 0.83 1.06 0.32 
 1.03 0.58 0.04 
 1.16 0.27 0.17 
 0.93 0.71 0.02 
 0.68 0.50 0.19 
 0.73 0.53 0.08 
 0.61 0.44 0.04 
 0.60 0.28 0.06 
 0.51 0.50 0.14 
 0.47 0.69 0.24 
 0.64 0.89 0.42 
 0.56 1.04 0.50 
 0.79 0.66 0.09 
 1.77 0.60 0.44 
 0.25 0.19 0.56 
 0.45 0.65 0.36 
 1.20 0.88 0.07 
 0.65 0.51 0.02 
 0.50 0.62 0.21 
 0.69 0.64 0.15 
 0.83 0.51 0.03 
 0.76 0.67 0.09 
 0.71 0.78 0.03 
 0.76 0.81 0.02 
 0.62 0.80 0.02 
 0.75 1.06 0.44 
 1.10 0.60 0.32 
 1.01 0.45 0.00 
 0.84 0.74 0.02 
 0.53 0.78 0.05 
 0.69 0.58 0.07 
 0.61 0.45 0.07 
 0.63 0.38 0.01 
 0.48 0.59 0.15 
 0.51 0.86 0.26 
 0.59 0.98 0.23 
 0.55 0.83 0.16 
 1.22 0.71 0.34 
 1.05 0.70 0.16 
 0.29 0.47 0.58 
 0.71 0.98 0.05 
 0.87 0.78 0.23 
 0.48 0.65 0.09 
 0.72 0.46 0.14 
 0.74 0.64 0.08 
 0.66 0.70 0.00 
 0.74 0.81 0.02 
 0.62 0.81 0.00 
 0.72 0.80 0.14 
 0.78 0.98 0.41 
 0.73 1.05 0.16 
 1.00 0.37 0.00 
 0.77 0.56 0.04 
 0.57 0.73 0.05 
 0.60 0.50 0.14 
 0.49 0.58 0.06 
 0.63 0.49 0.15 
 0.56 0.59 0.20 
 0.45 0.77 0.12 
 0.51 0.99 0.26 
 0.55 1.04 0.21 
 1.13 0.75 0.15 
 1.11 0.67 0.51 
 0.24 0.50 0.54 
 0.67 0.91 0.11 
 0.76 0.98 0.10 
 0.49 0.85 0.07 
 0.59 0.64 0.08 
 0.73 0.64 0.28 
 0.62 0.73 0.07 
 0.46 1.02 0.00 
 0.45 0.95 0.04 
 0.96 1.09 0.45 
 1.18 0.72 0.05 
 0.82 0.51 0.10 
 0.64 0.60 0.17 
 0.68 0.56 0.09 
 0.54 0.59 0.05 
 0.61 0.65 0.05 
 0.57 0.38 0.08 
 0.48 0.69 0.07 
 0.54 0.86 0.38 
 0.37 1.36 0.45 
 0.40 0.62 0.14 
 1.66 0.83 0.47 
 0.72 0.64 0.06 
 0.35 0.50 0.51 
 1.06 0.81 0.67 
 0.55 0.71 0.15 
 0.10 0.87 0.79 
 0.56 0.73 0.41 
 0.78 0.57 0.29 
 0.71 0.80 0.07 
 0.47 1.05 0.00 
 0.51 1.02 0.05 
 0.63 1.21 0.29 
 1.06 0.73 0.27 
 1.18 0.37 0.00 
 0.81 0.70 0.06 
 0.43 0.52 0.04 
 0.60 0.53 0.05 
 0.57 0.49 0.09 
 0.53 0.43 0.12 
 0.33 0.85 0.13 
 0.39 1.00 0.46 
 0.46 1.30 0.50 
 1.15 0.88 0.23 
 0.90 0.78 0.20 
 0.80 0.26 0.25 
 0.86 0.82 0.19 
 0.84 0.87 0.00 
 0.65 0.73 0.12 
 0.65 0.55 0.00 
 0.88 0.52 0.02 
 0.66 0.28 0.11 
 0.34 0.74 0.30 
 0.76 1.01 0.09 
 1.34 0.46 0.14 
 0.56 0.45 0.20 
 0.35 0.79 0.20 
 0.43 0.72 0.18 
 0.56 0.81 0.29 
 0.36 1.02 0.32 
 0.54 0.86 0.45 
 0.35 0.73 0.38 
 0.21 0.68 0.30 
 0.47 0.58 0.34 
 1.11 0.96 0.20 
 0.69 0.95 0.27 
 0.58 0.85 0.12 
 0.90 0.75 0.42 
 0.56 0.79 0.07 
 0.46 0.68 0.02 
 0.66 0.76 0.06 
 0.56 0.69 0.08 
 0.64 0.76 0.33 
 0.61 0.80 0.19 
 0.48 0.94 0.10 
 