0.47 0.84 0.44 
 0.44 0.73 0.62 
 0.50 0.58 0.72 
 0.48 0.61 0.61 
 0.39 0.59 0.50 
 0.52 0.53 0.50 
 0.46 0.58 0.54 
 0.46 0.59 0.52 
 0.50 0.62 0.50 
 0.56 0.68 0.51 
 0.62 0.84 0.64 
 0.82 0.65 0.60 
 0.77 0.81 0.55 
 0.66 0.77 0.46 
 0.78 0.66 0.48 
 0.68 0.65 0.42 
 0.69 0.62 0.44 
 0.70 0.61 0.40 
 0.80 0.56 0.43 
 0.75 0.52 0.37 
 0.81 0.51 0.30 
 0.82 0.55 0.28 
 0.85 0.52 0.27 
 0.93 0.51 0.20 
 0.90 0.43 0.16 
 0.83 0.38 0.23 
 0.84 0.25 0.41 
 1.00 0.37 0.19 
 0.98 0.17 0.31 
 0.93 0.73 0.19 
 0.93 0.18 0.37 
 0.79 0.34 0.23 
 0.92 0.36 0.18 
 0.92 0.41 0.16 
 0.86 0.23 0.16 
 0.95 0.22 0.23 
 0.98 0.27 0.03 
 1.00 0.29 0.00 
 0.93 0.25 0.11 
 1.00 0.24 0.07 
 0.92 0.28 0.10 
 1.20 0.38 0.12 
 1.13 0.28 0.01 
 0.89 0.29 0.17 
 1.10 0.37 0.00 
 0.97 0.32 0.00 
 0.93 0.39 0.08 
 0.88 0.40 0.09 
 0.80 0.35 0.14 
 0.95 0.31 0.08 
 1.13 0.34 0.15 
 1.28 0.29 0.19 
 1.13 0.20 0.16 
 1.10 0.23 0.32 
 0.98 0.21 0.43 
 1.03 0.24 0.43 
 0.92 0.17 0.30 
 1.02 0.21 0.24 
 1.00 0.24 0.34 
 1.01 0.23 0.28 
 0.82 0.52 0.04 
 0.82 0.52 0.04 
 0.83 0.52 0.04 
 0.83 0.53 0.04 
 0.82 0.54 0.02 
 0.83 0.52 0.03 
 0.82 0.52 0.02 
 0.84 0.54 0.00 
 0.83 0.55 0.03 
 0.75 0.56 0.13 
 0.82 0.51 0.07 
 0.78 0.54 0.08 
 0.79 0.58 0.20 
 0.80 0.61 0.18 
 0.74 0.52 0.18 
 0.72 0.52 0.22 
 0.80 0.52 0.34 
 0.97 0.65 0.26 
 0.97 0.66 0.21 
 0.78 0.49 0.33 
 0.67 0.55 0.13 
 0.68 0.61 0.29 
 0.69 0.61 0.19 
 0.70 0.62 0.23 
 0.68 0.56 0.36 
 0.71 0.61 0.38 
 0.68 0.67 0.25 
 0.61 0.49 0.23 
 0.95 0.74 0.19 
 1.01 0.67 0.22 
 0.73 0.52 0.07 
 0.56 0.35 0.02 
 0.69 0.33 0.11 
 0.89 0.61 0.11 
 0.92 0.90 0.27 
 0.51 0.86 0.32 
 0.38 0.65 0.20 
 0.74 0.48 0.27 
 0.98 0.46 0.00 
 0.76 0.70 0.09 
 0.69 0.78 0.27 
 0.67 0.91 0.39 
 0.91 0.83 0.10 
 1.42 0.42 0.15 
 0.63 0.25 0.18 
 0.78 0.24 0.33 
 0.83 0.80 0.17 
 0.68 0.82 0.04 
 0.77 0.40 0.12 
 0.73 0.60 0.41 
 0.61 0.34 0.37 
 0.64 0.41 0.15 
 0.84 0.66 0.58 
 0.70 0.63 0.23 
 1.12 0.71 0.31 
 0.90 0.90 0.21 
 0.72 0.13 0.07 
 0.75 0.27 0.00 
 0.88 0.46 0.03 
 0.30 0.73 0.00 
 0.69 0.44 0.38 
 0.56 0.59 0.55 
 0.75 0.61 0.21 
 0.78 0.65 0.13 
 0.71 0.64 0.36 
 0.77 0.69 0.28 
 0.72 0.95 0.29 
 1.19 0.62 0.41 
 0.62 0.48 0.43 
 0.93 0.47 0.70 
 0.60 0.32 0.02 
 0.69 0.86 0.48 
 0.55 0.57 0.18 
 0.66 0.42 0.18 
 0.59 0.80 0.39 
 0.69 0.49 0.15 
 0.61 0.54 0.55 
 0.59 0.91 0.49 
 0.75 0.86 0.24 
 0.91 0.71 0.08 
 0.68 0.28 0.20 
 0.71 0.58 0.03 
 0.84 0.67 0.14 
 0.79 0.57 0.18 
 0.43 0.60 0.48 
 0.55 0.80 0.07 
 0.75 0.66 0.32 
 0.67 0.74 0.23 
 0.71 0.65 0.01 
 0.81 0.55 0.45 
 0.74 0.96 0.27 
 0.74 0.90 0.28 
 0.89 0.64 0.31 
 0.82 0.36 0.23 
 0.83 0.42 0.29 
 0.69 0.69 0.11 
 0.71 0.82 0.31 
 0.59 0.52 0.34 
 0.53 0.54 0.32 
 0.63 0.48 0.39 
 0.65 0.46 0.36 
 0.57 0.84 0.83 
 0.47 0.88 0.32 
 0.87 0.58 0.16 
 0.80 1.01 0.48 
 0.78 0.68 0.05 
 0.64 0.58 0.07 
 0.64 0.58 0.07 
 0.67 0.60 0.11 
 0.65 0.66 0.23 
 0.56 0.75 0.06 
 0.60 0.69 0.24 
 0.66 0.71 0.26 
 0.70 0.75 0.01 
 0.60 0.70 0.23 
 0.65 0.86 0.24 
 0.77 0.77 0.29 
 0.71 0.81 0.15 
 0.84 0.83 0.22 
 0.99 0.54 0.07 
 0.61 0.36 0.31 
 0.61 0.40 0.50 
 0.69 0.90 0.34 
 0.82 0.88 0.00 
 0.69 0.48 0.29 
 0.51 0.40 0.32 
 0.69 0.55 0.34 
 0.66 0.61 0.35 
 0.69 0.66 0.47 
 0.62 0.78 0.40 
 0.77 0.82 0.28 
 0.90 1.10 0.27 
 0.62 0.28 0.20 
 0.71 0.48 0.26 
 0.75 0.59 0.03 
 0.67 0.70 0.18 
 0.57 0.78 0.05 
 0.57 0.71 0.10 
 0.77 0.67 0.07 
 0.69 0.77 0.16 
 0.83 0.55 0.16 
 0.77 0.72 0.24 
 0.65 0.86 0.21 
 0.69 0.81 0.35 
 0.91 0.89 0.09 
 0.98 0.41 0.13 
 0.75 0.31 0.44 
 0.78 0.62 0.31 
 0.83 0.47 0.18 
 0.50 0.51 0.32 
 0.55 0.53 0.21 
 0.67 0.62 0.23 
 0.48 0.70 0.64 
 0.54 0.62 0.48 
 0.81 1.14 0.37 
 0.85 0.73 0.25 
 0.66 0.95 0.34 
 0.56 0.38 0.15 
 0.50 0.54 0.08 
 0.78 0.64 0.24 
 0.72 0.55 0.29 
 0.44 0.99 0.05 
 0.61 0.76 0.16 
 0.66 0.68 0.23 
 0.73 0.61 0.24 
 0.69 0.70 0.13 
 0.72 0.73 0.40 
 0.66 0.98 0.22 
 1.04 1.05 0.29 
 0.86 0.66 0.14 
 0.68 0.38 0.08 
 0.59 0.26 0.20 
 0.58 0.93 0.38 
 0.46 0.73 0.22 
 0.51 0.48 0.21 
 0.60 0.67 0.43 
 0.50 0.63 0.37 
 0.45 0.70 0.51 
 0.39 0.95 0.41 
 0.61 0.72 0.47 
 1.15 1.08 0.33 
 0.78 0.50 0.25 
 0.43 0.53 0.08 
 0.72 0.49 0.05 
 0.72 0.82 0.05 
 0.34 0.92 0.57 
 0.47 0.77 0.10 
 0.64 0.64 0.48 
 0.61 0.68 0.28 
 0.61 0.70 0.32 
 0.59 0.82 0.11 
 0.59 0.82 0.38 
 0.73 0.96 0.41 
 1.49 0.71 0.56 
 0.45 0.61 0.05 
 0.49 0.44 0.48 
 0.69 0.46 0.23 
 0.48 0.81 0.33 
 0.39 0.55 0.66 
 0.42 0.84 0.27 
 0.48 0.83 0.37 
 0.66 0.72 0.49 
 0.42 0.95 0.63 
 0.75 0.78 0.51 
 0.59 1.01 0.14 
 0.37 0.46 0.03 
 0.40 0.77 0.18 
 0.44 0.83 0.21 
 0.41 0.90 0.29 
 0.50 0.83 0.07 
 0.60 0.71 0.37 
 0.60 0.78 0.26 
 0.52 1.04 0.55 
 0.40 0.81 0.54 
 0.34 0.92 0.24 
 0.83 0.97 0.00 
 0.92 0.52 0.44 
 0.54 0.74 0.32 
 0.61 0.97 0.15 
 0.44 0.62 0.30 
 0.43 0.44 0.42 
 0.56 0.64 0.52 
 0.54 0.71 0.66 
 0.43 0.64 0.24 
 0.38 0.77 0.49 
 0.40 0.83 0.62 
 0.61 1.02 0.22 
 0.78 1.15 0.08 
 0.54 0.53 0.52 
 0.42 0.67 0.64 
 0.64 0.62 0.04 
 0.75 0.62 0.33 
 0.52 0.94 0.37 
 0.35 0.94 0.46 
 0.53 0.76 0.33 
 0.55 0.65 0.52 
 0.52 0.79 0.36 
 0.62 0.75 0.56 
 0.58 1.11 0.40 
 0.65 1.00 0.47 
 0.59 0.77 0.33 
 0.78 0.32 0.52 
 0.45 0.46 0.33 
 0.42 1.12 0.78 
 0.48 0.58 0.28 
 0.34 0.48 0.40 
 0.35 0.56 0.51 
 0.14 0.97 0.24 
 0.32 0.84 0.99 
 0.30 1.07 0.24 
 0.44 0.73 0.38 
 0.61 1.30 0.08 
 0.53 0.49 0.33 
 0.36 0.66 0.43 
 0.49 0.72 0.16 
 0.39 0.85 0.16 
 0.45 0.83 0.44 
 