0.00 0.02 1.02 
 0.00 0.02 1.00 
 0.00 0.02 1.01 
 0.00 0.02 1.02 
 0.00 0.02 0.99 
 0.00 0.03 1.00 
 0.00 0.03 0.98 
 0.00 0.03 0.99 
 0.00 0.02 0.98 
 0.00 0.02 1.00 
 0.00 0.02 1.00 
 0.01 0.03 1.02 
 0.00 0.03 1.01 
 0.00 0.01 1.02 
 0.00 0.02 1.00 
 0.00 0.03 1.01 
 0.00 0.03 1.00 
 0.00 0.01 1.01 
 0.00 0.02 0.99 
 0.00 0.03 1.01 
 0.00 0.02 1.00 
 0.00 0.02 1.01 
 0.00 0.03 1.00 
 0.00 0.02 0.99 
 0.00 0.02 1.01 
 0.00 0.02 1.01 
 0.00 0.03 1.01 
 0.00 0.01 1.00 
 0.00 0.03 1.01 
 0.00 0.03 1.00 
 0.00 0.02 1.01 
 0.00 0.02 1.00 
 0.00 0.02 1.00 
 0.00 0.02 0.99 
 0.00 0.02 1.01 
 0.00 0.03 0.99 
 0.00 0.02 1.00 
 0.00 0.02 1.00 
 0.00 0.03 1.01 
 0.00 0.01 1.01 
 0.00 0.03 1.01 
 0.00 0.04 0.99 
 0.00 0.01 1.01 
 0.00 0.03 0.99 
 0.00 0.02 1.02 
 0.00 0.02 1.02 
 0.01 0.02 1.03 
 0.00 0.02 1.01 
 0.00 0.03 1.01 
 0.00 0.03 1.00 
 0.00 0.03 1.00 
 0.00 0.02 1.00 
 0.00 0.02 0.99 
 0.00 0.03 1.01 
 0.00 0.02 1.01 
 0.00 0.02 1.01 
 0.00 0.03 1.00 
 0.00 0.02 1.00 
 0.00 0.02 1.00 
 0.00 0.03 1.00 
 0.00 0.02 1.00 
 0.00 0.04 1.01 
 0.00 0.01 1.02 
 0.00 0.02 0.98 
 0.00 0.03 1.01 
 0.00 0.02 1.00 
 0.01 0.02 1.02 
 0.04 0.01 0.99 
 0.00 0.03 1.00 
 0.02 0.03 1.02 
 0.00 0.03 1.02 
 0.01 0.03 0.99 
 0.01 0.01 1.01 
 0.01 0.03 1.02 
 0.00 0.04 0.99 
 0.01 0.02 1.02 
 0.00 0.02 1.01 
 0.00 0.03 1.01 
 0.00 0.01 1.01 
 0.00 0.02 1.00 
 0.00 0.03 1.01 
 0.00 0.02 1.01 
 0.00 0.01 1.08 
 0.01 0.04 1.02 
 0.00 0.03 0.96 
 0.00 0.04 1.00 
 0.01 0.00 1.05 
 0.01 0.02 1.00 
 0.01 0.05 0.95 
 0.00 0.02 0.98 
 0.00 0.01 1.06 
 0.00 0.03 0.98 
 0.00 0.03 1.03 
 0.00 0.02 1.00 
 0.00 0.03 1.02 
 0.01 0.03 0.99 
 0.00 0.01 1.01 
 0.00 0.03 0.99 
 0.02 0.05 0.99 
 0.00 0.01 1.02 
 0.01 0.03 0.98 
 0.00 0.04 1.02 
 0.00 0.02 1.00 
 0.00 0.03 1.01 
 0.01 0.02 0.99 
 0.00 0.02 1.01 
 0.00 0.03 1.01 
 0.00 0.03 1.00 
 0.00 0.02 1.01 
 0.00 0.03 1.00 
 0.00 0.03 1.01 
 0.00 0.02 1.00 
 0.00 0.02 1.01 
 0.00 0.03 1.00 
 0.00 0.02 1.01 
 0.00 0.02 1.00 
 0.00 0.03 1.00 
 0.00 0.03 1.01 
 0.00 0.02 1.01 
 0.00 0.02 1.01 
 0.00 0.03 1.01 
 0.00 0.02 1.01 
 0.00 0.03 1.00 
 0.00 0.02 1.00 
 0.00 0.02 1.01 
 0.00 0.03 1.01 
 0.00 0.03 1.00 
 0.00 0.03 1.01 
 0.00 0.03 1.01 
 0.00 0.03 1.01 
 0.00 0.03 1.01 
 0.00 0.02 1.00 
 0.00 0.02 1.01 
 0.00 0.02 1.01 
 0.00 0.03 1.00 
 0.00 0.02 1.01 
 0.00 0.03 1.01 
 0.00 0.03 1.00 
 0.00 0.03 1.00 
 0.00 0.03 1.00 
 0.00 0.03 1.00 
 0.00 0.03 1.01 
 0.00 0.02 1.00 
 0.00 0.03 1.00 
 0.00 0.03 1.00 
 0.00 0.02 1.01 
 0.00 0.03 1.00 
 0.00 0.03 1.01 
 0.00 0.03 1.00 
 0.00 0.02 1.00 
 0.00 0.03 1.01 
 0.00 0.03 1.00 
 0.00 0.03 1.00 
 0.00 0.03 1.00 
 0.00 0.03 1.01 
 0.00 0.02 1.00 
 0.00 0.02 1.01 
 0.00 0.02 1.00 
 0.00 0.03 1.01 
 0.00 0.02 1.01 
 0.00 0.02 1.00 
 0.00 0.02 1.00 
 0.00 0.03 1.00 
 0.00 0.02 1.01 
 0.00 0.02 1.01 
 0.00 0.03 1.01 
 0.00 0.02 1.01 
 0.00 0.02 1.00 
 0.00 0.02 1.01 
 0.00 0.03 1.00 
 0.00 0.02 1.00 
 0.00 0.02 1.01 
 0.00 0.02 1.01 
 0.00 0.03 1.01 
 0.42 0.04 1.28 
 0.00 0.30 1.08 
 0.15 0.23 1.40 
 0.10 0.21 1.14 
 0.10 0.17 1.01 
 0.39 0.23 0.82 
 0.21 0.16 1.05 
 0.21 0.11 0.94 
 0.41 0.08 1.07 
 0.29 0.02 1.03 
 0.29 0.18 0.84 
 0.34 0.08 0.95 
 0.29 0.22 0.68 
 0.40 0.41 0.92 
 0.10 0.34 0.78 
 0.24 0.43 0.80 
 0.40 0.47 0.90 
 0.16 0.43 0.75 
 0.38 0.49 0.88 
 0.28 0.42 0.92 
 0.37 0.38 0.96 
 0.47 0.37 0.82 
 0.30 0.37 0.84 
 0.33 0.38 0.80 
 0.46 0.40 0.76 
 0.38 0.40 0.79 
 0.50 0.42 0.85 
 0.42 0.40 0.89 
 0.55 0.43 0.80 
 0.59 0.40 0.67 
 0.35 0.34 0.44 
 0.53 0.50 0.63 
 0.29 0.41 1.03 
 0.32 0.54 0.96 
 0.32 0.57 0.88 
 0.31 0.55 0.99 
 0.21 0.50 0.83 
 0.19 0.47 0.93 
 0.20 0.50 0.88 
 0.22 0.49 0.79 
 0.33 0.49 0.91 
 0.29 0.51 0.84 
 0.30 0.48 0.89 
 0.35 0.48 0.90 
 0.38 0.48 0.99 
 0.54 0.49 0.87 
 0.46 0.62 0.81 
 0.38 0.50 0.60 
 0.29 0.67 0.73 
 0.66 0.60 0.46 
 0.52 0.65 0.59 
 0.66 0.31 0.03 
 0.68 0.94 0.32 
 0.49 0.61 0.06 
 0.32 0.63 0.09 
 0.43 0.57 0.52 
 0.38 0.48 0.46 
 0.46 0.97 0.05 
 0.01 0.81 0.02 
 0.10 1.08 0.08 
 0.07 1.45 0.14 
 0.35 0.85 0.29 
 0.15 1.60 0.34 
 0.29 0.83 0.56 
 0.11 1.14 0.54 
 0.06 0.82 0.99 
 0.15 1.39 1.06 
 0.51 0.79 0.50 
 0.47 0.65 0.62 
 0.00 0.76 0.47 
 0.46 0.30 0.46 
 0.12 0.18 1.05 
 0.07 0.31 0.83 
 0.02 0.27 0.81 
 0.17 0.90 1.15 
 0.44 0.61 1.24 
 0.42 0.66 0.74 
 0.00 0.86 0.80 
 0.13 1.07 0.60 
 0.29 1.19 0.52 
 0.54 1.14 0.61 
 0.54 1.03 0.12 
 0.55 0.86 0.31 
 0.65 0.61 0.54 
 0.70 0.43 0.03 
 0.82 0.13 0.59 
 0.97 0.35 0.41 
 0.56 0.10 0.37 
 0.94 0.71 0.54 
 0.79 0.20 0.02 
 0.96 0.10 0.29 
 1.08 0.00 0.96 
 0.95 0.09 0.55 
 0.85 0.27 0.80 
 0.78 0.20 0.70 
 0.80 0.27 0.72 
 0.39 0.91 0.06 
 0.44 0.02 0.47 
 0.66 0.32 0.16 
 1.22 0.10 0.17 
 1.54 0.45 0.50 
 0.44 0.30 0.69 
 1.02 0.58 0.24 
 1.56 0.19 0.12 
 0.95 0.35 0.02 
 0.74 0.41 0.13 
 1.09 1.20 0.17 
 0.59 0.80 0.43 
 0.18 0.05 0.15 
 0.51 1.04 0.88 
 0.56 1.37 0.33 
 0.98 1.57 0.75 
 1.33 1.57 0.67 
 0.67 1.27 0.42 
 0.30 1.14 0.38 
 0.30 0.84 0.08 
 0.25 0.91 0.29 
 0.06 1.03 0.33 
 0.87 1.36 0.32 
 1.08 0.98 0.85 
 0.71 0.52 0.96 
 0.16 0.86 0.13 
 0.59 0.89 0.15 
 0.00 1.17 0.01 
 0.49 0.57 0.31 
 0.50 0.96 0.23 
 0.36 0.67 0.24 
 0.74 0.85 0.48 
 0.90 0.74 0.31 
 0.87 0.81 0.35 
 0.73 1.08 0.14 
 0.57 0.71 0.22 
 0.51 0.91 0.16 
 0.57 0.52 0.22 
 0.68 0.84 0.31 
 1.26 0.57 2.00 
 0.94 0.93 0.82 
 1.57 0.89 0.56 
 0.83 0.64 0.76 
 0.24 1.10 0.16 
 0.60 0.70 0.28 
 0.45 0.76 0.60 
 0.70 0.53 0.57 
 0.36 0.42 0.76 
 0.51 0.75 0.38 
 0.74 0.84 0.47 
 0.40 0.79 0.37 
 0.49 0.67 0.61 
 0.75 0.72 0.41 
 1.03 0.92 2.00 
 0.85 0.57 0.54 
 0.69 0.99 0.02 
 0.72 0.73 0.10 
 0.87 0.98 0.40 
 0.84 0.34 0.17 
 0.89 0.44 1.59 
 0.86 0.48 0.69 
 1.24 1.35 0.00 
 0.99 0.82 0.20 
 1.23 0.65 0.27 
 0.91 0.38 0.24 
 0.00 0.72 0.24 
 0.26 1.07 0.60 
 0.47 1.27 0.12 
 0.64 1.59 0.01 
 0.11 0.67 0.75 
 0.35 1.16 0.52 
 0.52 1.70 0.41 
 0.07 0.95 0.82 
 0.70 0.40 0.47 
 1.31 0.44 0.83 
 0.64 0.38 0.77 
 0.83 0.59 0.81 
 1.09 0.10 0.51 
 1.08 1.21 2.00 
 0.85 0.22 0.31 
 0.46 0.21 1.09 
 1.18 0.01 0.11 
 0.26 0.02 0.90 
 0.64 0.16 0.50 
 0.08 0.04 1.23 
 0.02 0.24 0.10 
 0.65 0.03 0.52 
 0.29 1.14 1.35 
 0.84 0.19 1.53 
 0.61 0.36 0.89 
 1.01 0.17 0.95 
 1.16 0.55 0.79 
 0.73 0.38 0.62 
 1.10 0.44 1.16 
 1.15 0.18 0.21 
 0.82 0.61 0.89 
 0.43 0.51 0.23 
 0.72 0.63 1.16 
 0.72 0.15 0.40 
 0.75 0.31 0.41 
 0.71 0.18 0.67 
 0.68 0.25 1.14 
 0.95 0.02 0.63 
 0.63 0.27 0.54 
 0.61 0.03 0.53 
 0.51 0.31 0.89 
 0.47 0.24 0.44 
 0.14 0.01 0.50 
 0.28 0.26 0.57 
 0.73 0.24 0.83 
 0.90 0.31 0.95 
 0.66 0.19 0.67 
 0.70 0.01 0.80 
 0.29 0.01 0.79 
 0.40 0.10 1.31 
 0.47 0.05 0.91 
 0.37 0.17 0.66 
 0.98 0.19 0.47 
 1.42 0.14 0.52 
 0.51 0.34 0.42 
 0.52 0.05 0.66 
 0.98 0.02 0.71 
 0.61 0.08 0.81 
 0.53 0.21 0.52 
 0.30 0.05 0.64 
 1.29 0.70 2.00 
 0.65 0.11 1.26 
 0.45 0.74 0.55 
 0.66 0.49 0.21 
 1.19 0.56 0.32 
 1.05 0.55 0.50 
 0.46 0.53 0.11 
 1.38 0.65 0.58 
 0.26 0.28 2.00 
 1.07 0.86 0.75 
 0.74 0.49 0.60 
 1.50 1.05 1.40 
 1.73 1.25 1.91 
 0.67 0.01 0.29 
 1.35 1.37 0.89 
 0.86 0.37 0.55 
 0.85 0.51 0.50 
 0.66 0.52 0.35 
 0.56 0.67 0.43 
 0.69 1.42 2.00 
 0.72 0.94 0.08 
 0.63 0.67 0.16 
 0.62 0.74 0.06 
 0.56 0.80 0.35 
 0.59 0.87 0.53 
 0.58 0.82 0.33 
 0.60 0.90 0.03 
 0.22 0.89 0.25 
 0.53 0.82 0.34 
 0.48 0.79 0.29 
 2.00 0.25 0.76 
 1.88 0.38 0.13 
 1.17 0.91 0.40 
 0.64 0.71 0.31 
 0.45 0.48 0.33 
 0.81 0.28 0.09 
 0.77 0.42 0.22 
 1.04 0.58 0.05 
 2.00 0.42 0.65 
 0.84 0.26 0.28 
 0.92 0.38 0.02 
 1.13 0.43 0.51 
 0.71 0.53 0.16 
 0.67 0.33 0.78 
 0.97 0.63 0.08 
 1.04 0.62 0.08 
 1.01 0.67 0.08 
 0.94 0.66 0.00 
 0.50 0.43 0.09 
 0.90 0.58 0.05 
 0.84 0.60 0.07 
 1.02 0.49 0.06 
 0.75 0.98 0.39 
 1.00 0.58 0.54 
 0.85 0.37 0.34 
 0.93 0.35 0.02 
 0.97 0.87 0.16 
 1.15 1.12 0.24 
 0.86 0.56 0.16 
 0.68 0.44 0.12 
 0.64 0.21 0.14 
 0.49 0.24 0.22 
 0.42 0.56 0.36 
 0.60 0.83 0.43 
 0.70 1.02 0.62 
 1.02 0.62 0.36 
 1.66 0.09 0.12 
 0.39 0.75 0.11 
 0.66 0.40 0.43 
 1.02 0.65 0.31 
 0.84 0.68 0.35 
 0.69 0.67 0.22 
 0.71 0.56 0.05 
 0.86 0.35 0.09 
 0.85 0.53 0.40 
 0.68 0.76 0.19 
 0.69 0.74 0.37 
 0.60 0.81 0.40 
 0.84 0.61 0.63 
 1.03 0.47 0.41 
 1.15 0.46 0.01 
 1.11 0.72 0.15 
 0.81 0.26 0.08 
 0.68 0.36 0.13 
 0.60 0.44 0.08 
 0.66 0.29 0.16 
 0.53 0.17 0.16 
 0.46 0.72 0.41 
 0.49 1.14 0.60 
 0.47 0.94 0.48 
 1.15 0.20 0.26 
 1.51 0.43 0.60 
 0.47 0.20 0.03 
 0.75 0.70 0.06 
 0.83 0.74 0.31 
 0.84 0.62 0.07 
 0.45 0.65 0.44 
 0.83 0.48 0.34 
 0.79 0.54 0.19 
 0.74 0.63 0.20 
 0.73 0.70 0.25 
 0.70 0.88 0.25 
 0.70 0.77 0.31 
 0.89 0.91 0.87 
 1.01 0.45 0.58 
 1.09 0.46 0.01 
 0.98 1.12 0.03 
 0.81 0.18 0.19 
 0.71 0.35 0.07 
 0.58 0.43 0.06 
 0.64 0.15 0.10 
 0.50 0.28 0.20 
 0.50 0.85 0.58 
 0.60 1.25 0.73 
 0.38 0.63 0.37 
 1.14 0.37 0.27 
 1.01 0.56 0.41 
 0.57 0.19 0.42 
 0.88 0.81 0.35 
 0.79 0.07 0.92 
 0.60 0.60 0.46 
 0.51 0.85 0.08 
 1.00 0.14 0.08 
 0.79 0.44 0.60 
 0.76 0.75 0.35 
 0.56 1.07 0.23 
 0.94 0.77 0.35 
 1.20 0.53 0.44 
 1.39 0.00 0.06 
 1.26 0.88 0.25 
 0.70 1.09 0.37 
 0.60 0.60 0.11 
 0.75 0.47 0.03 
 0.58 0.35 0.10 
 0.62 0.53 0.12 
 0.46 0.85 0.18 
 0.08 0.78 0.19 
 1.83 1.50 0.11 
 0.55 0.83 0.33 
 0.82 0.63 0.38 
 0.86 0.89 0.24 
 0.73 0.41 0.17 
 0.70 0.62 0.26 
 0.47 0.94 0.26 
 0.66 0.75 0.13 
 0.85 0.47 0.16 
 0.77 0.71 0.10 
 0.59 0.80 0.08 
 0.58 0.77 0.10 
 0.83 0.93 0.28 
 1.00 0.71 0.57 
 0.82 0.54 0.30 
 0.98 0.34 0.28 
 0.91 1.11 0.31 
 0.67 0.69 0.02 
 0.60 0.44 0.07 
 0.54 0.52 0.22 
 0.62 0.29 0.20 
 0.53 0.52 0.29 
 0.49 1.06 0.46 
 0.31 0.89 0.17 
 0.35 0.52 0.33 
 2.00 1.66 1.82 
 0.19 0.25 0.12 
 0.62 0.62 0.81 
 0.72 1.27 0.07 
 0.82 0.59 0.00 
 0.65 0.46 0.39 
 0.70 0.57 0.05 
 0.75 0.39 0.33 
 0.75 0.71 0.29 
 0.77 0.64 0.28 
 0.73 0.68 0.02 
 0.65 0.87 0.33 
 0.95 0.45 0.38 
 0.91 0.63 0.42 
 0.72 0.45 0.23 
 0.74 0.39 0.27 
 0.79 0.48 0.26 
 0.79 0.37 0.35 
 0.96 0.40 0.38 
 0.81 0.46 0.28 
 0.67 0.51 0.25 
 0.63 0.57 0.31 
 0.67 0.56 0.30 
 0.64 0.62 0.29 
 0.71 0.64 0.38 
 0.86 0.70 0.44 
 0.73 0.62 0.30 
 0.88 0.50 0.39 
 0.80 0.42 0.14 
 0.83 0.55 0.34 
 0.75 0.49 0.29 
 0.66 0.62 0.29 
 0.75 0.59 0.16 
 0.76 0.72 0.20 
 0.72 0.61 0.35 
 0.79 0.69 0.15 
 0.68 0.60 0.14 
 0.68 0.70 0.28 
 0.67 0.65 0.33 
 0.79 0.59 0.16 
 0.67 0.68 0.20 
 0.70 0.71 0.19 
 0.80 0.75 0.11 
 0.67 0.71 0.12 
 0.68 0.65 0.26 
 0.63 0.79 0.28 
 0.85 0.99 0.50 
 0.89 0.33 0.39 
 1.06 0.94 0.03 
 1.16 0.64 0.30 
 0.69 0.58 0.22 
 0.62 0.43 0.17 
 0.57 0.47 0.23 
 0.45 0.29 0.15 
 0.30 0.34 0.28 
 0.33 1.07 0.53 
 0.35 1.09 0.69 
 1.46 0.38 0.40 
 0.88 0.52 0.56 
 0.43 0.76 1.15 
 0.93 0.54 0.09 
 0.85 0.57 0.20 
 0.38 0.73 0.43 
 0.84 0.44 0.34 
 0.84 0.39 0.05 
 0.80 0.62 0.27 
 0.78 0.64 0.41 
 0.54 0.83 0.38 
 0.59 0.94 0.49 
 0.78 1.08 0.70 
 1.28 0.49 0.16 
 1.28 0.63 0.31 
 0.81 1.28 0.49 
 0.62 0.35 0.04 
 0.69 0.45 0.02 
 0.55 0.34 0.10 
 0.45 0.14 0.12 
 0.35 0.50 0.42 
 0.55 1.33 0.92 
 0.42 1.09 0.42 
 0.62 0.57 0.11 
 2.00 0.52 0.62 
 0.86 0.66 0.52 
 0.71 0.77 0.05 
 0.98 0.69 0.30 
 0.59 0.74 0.07 
 0.41 0.54 0.41 
 0.93 0.24 0.10 
 0.93 0.29 0.58 
 0.67 0.72 0.40 
 0.67 0.82 0.27 
 0.60 0.81 0.34 
 0.74 1.17 0.73 
 1.08 0.18 0.52 
 1.24 0.60 0.54 
 0.76 1.04 0.16 
 0.60 0.28 0.03 
 0.52 0.17 0.04 
 0.47 0.27 0.05 
 0.41 0.09 0.08 
 0.35 0.99 0.66 
 0.59 1.47 1.08 
 1.01 0.25 0.18 
 0.90 0.61 0.41 
 0.89 0.53 0.48 
 0.75 0.76 0.28 
 0.77 0.46 0.09 
 0.60 0.51 0.33 
 0.59 0.60 0.15 
 0.68 0.37 0.53 
 0.70 0.69 0.43 
 0.64 0.85 0.60 
 0.89 0.63 0.86 
 0.96 0.88 0.58 
 0.94 0.19 0.06 
 0.98 1.01 0.18 
 0.83 0.58 0.10 
 0.63 0.22 0.19 
 0.68 0.30 0.17 
 0.82 0.42 0.36 
 0.71 0.47 0.40 
 0.69 0.48 0.47 
 0.62 0.57 0.24 
 0.64 0.63 0.46 
 0.60 0.65 0.43 
 0.59 0.65 0.57 
 0.67 0.58 0.54 
 0.85 0.44 0.39 
 0.72 0.81 0.12 
 0.89 0.47 0.69 
 0.51 0.73 0.50 
 0.75 0.91 0.19 
 0.74 0.39 0.32 
 0.73 0.76 0.27 
 0.48 0.61 0.10 
 0.76 0.57 0.33 
 0.74 0.41 0.09 
 0.74 0.54 0.41 
 0.73 0.76 0.43 
 0.63 0.90 0.48 
 0.86 0.94 0.45 
 0.82 0.81 0.88 
 1.18 0.24 0.16 
 0.90 0.71 0.25 
 0.80 1.02 0.01 
 0.53 0.19 0.05 
 0.59 0.52 0.06 
 0.63 0.37 0.20 
 0.62 0.29 0.26 
 0.47 0.78 0.61 
 0.70 1.01 0.86 
 0.60 1.08 0.20 
 1.05 1.16 0.23 
 1.29 1.99 0.37 
 0.74 0.22 0.24 
 0.48 0.60 0.15 
 0.84 0.59 0.36 
 0.79 0.48 0.39 
 0.58 0.69 0.23 
 0.65 0.70 0.17 
 0.89 0.67 0.20 
 0.64 0.61 0.10 
 0.77 0.64 0.07 
 0.80 0.53 0.16 
 0.66 0.74 0.10 
 0.74 0.55 0.19 
 0.83 0.65 0.30 
 0.72 0.84 0.28 
 1.03 1.01 0.51 
 0.85 0.46 0.42 
 1.12 0.00 0.39 
 0.88 0.70 0.14 
 0.71 0.33 0.05 
 0.57 0.90 0.93 
 0.91 0.54 0.45 
 0.95 0.46 0.39 
 0.64 0.52 0.26 
 0.58 0.67 0.28 
 0.58 0.66 0.07 
 0.42 0.58 0.36 
 0.76 0.86 0.28 
 0.18 0.84 0.10 
 0.77 0.19 0.30 
 1.75 1.12 0.83 
 0.43 0.75 0.36 
 0.98 0.87 0.17 
 0.88 0.77 0.05 
 0.80 0.48 0.21 
 0.74 0.49 0.28 
 0.72 0.57 0.33 
 0.74 0.52 0.05 
 0.81 0.54 0.20 
 0.77 0.58 0.07 
 0.78 0.55 0.19 
 0.89 0.50 0.21 
 0.74 0.60 0.08 
 0.68 0.74 0.16 
 0.77 0.87 0.23 
 0.74 0.89 0.47 
 0.90 0.92 0.37 
 0.84 0.79 0.38 
 1.30 0.28 0.18 
 1.25 0.62 0.12 
 0.96 0.53 0.24 
 0.62 0.32 0.12 
 0.58 0.31 0.19 
 0.51 0.41 0.19 
 0.51 0.17 0.16 
 0.51 0.35 0.35 
 0.49 1.41 0.65 
 0.33 1.08 0.47 
 0.98 0.55 0.02 
 1.96 0.60 0.63 
 0.12 0.71 0.50 
 1.09 0.17 0.01 
 0.93 1.03 0.08 
 0.78 0.38 0.44 
 0.49 0.86 0.28 
 0.75 0.57 0.05 
 0.82 0.50 0.25 
 0.76 0.64 0.48 
 0.64 0.57 0.44 
 0.64 0.80 0.58 
 0.64 0.74 0.84 
 1.14 0.52 0.89 
 1.02 0.11 0.09 
 1.04 1.26 0.24 
 0.66 0.70 0.20 
 0.44 0.52 0.08 
 0.46 0.80 0.23 
 0.47 0.11 0.19 
 0.26 0.37 0.22 
 0.50 1.18 0.74 
 0.54 0.98 0.59 
 0.82 0.63 0.18 
 1.55 0.79 0.31 
 0.77 0.34 0.19 
 0.64 0.83 0.14 
 0.93 0.91 0.24 
 0.57 0.85 0.08 
 0.54 0.56 0.05 
 0.99 0.22 0.18 
 0.75 0.57 0.15 
 0.67 0.66 0.36 
 0.75 0.80 0.35 
 0.66 0.92 0.35 
 0.99 0.91 0.75 
 1.11 0.36 0.54 
 1.10 0.45 0.13 
 0.72 1.23 0.27 
 0.60 0.73 0.01 
 0.55 0.24 0.07 
 0.60 0.54 0.00 
 0.66 0.08 0.08 
 0.36 0.35 0.39 
 0.47 0.88 0.63 
 0.43 1.41 0.50 
 0.98 0.93 0.08 
 1.88 0.47 1.45 
 0.45 0.25 0.55 
 0.80 0.61 0.05 
 1.05 0.70 0.22 
 0.60 1.04 0.79 
 0.48 0.65 0.17 
 0.92 0.20 0.16 
 0.69 0.43 0.52 
 0.73 0.68 0.26 
 0.64 0.81 0.29 
 0.62 1.04 0.28 
 0.90 0.96 0.39 
 0.97 0.65 0.55 
 1.27 0.22 0.10 
 1.11 0.71 0.12 
 0.69 0.96 0.72 
 0.58 0.29 0.12 
 0.50 0.43 0.02 
 0.61 0.22 0.17 
 0.43 0.14 0.11 
 0.40 0.69 0.48 
 0.56 1.51 0.69 
 0.52 0.84 0.36 
 1.57 0.45 0.40 
 0.51 0.74 0.26 
 0.39 0.69 0.04 
 1.11 0.35 0.19 
 0.62 0.58 0.27 
 0.46 0.86 0.44 
 0.60 0.67 0.08 
 1.00 0.26 0.16 
 0.66 0.63 0.39 
 0.64 0.73 0.52 
 0.62 1.01 0.11 
 1.02 1.14 0.57 
 1.07 1.04 0.51 
 1.16 0.44 0.36 
 1.01 0.90 0.11 
 0.84 0.54 0.54 
 0.61 0.31 0.08 
 0.47 0.41 0.01 
 0.54 0.21 0.21 
 0.48 0.16 0.08 
 0.46 0.63 0.47 
 0.55 1.51 0.84 
 0.36 0.99 0.32 
 1.48 0.16 0.36 
 0.86 0.71 0.02 
 0.38 0.67 0.06 
 1.12 0.71 0.58 
 0.72 0.46 0.95 
 0.48 0.76 0.44 
 0.51 0.71 0.01 
 0.96 0.05 0.05 
 0.66 0.55 0.44 
 0.70 0.67 0.34 
 0.52 0.92 0.15 
 0.69 0.71 0.36 
 0.86 0.96 0.37 
 1.15 0.49 0.28 
 1.09 0.88 0.10 
 0.94 0.86 0.15 
 0.53 0.32 0.22 
 0.50 0.02 0.10 
 0.55 0.40 0.15 
 0.63 0.19 0.14 
 0.40 0.54 0.40 
 0.49 1.20 0.78 
 0.45 1.06 0.44 
 1.15 0.60 0.15 
 1.23 0.39 0.67 
 0.11 0.71 1.18 
 0.87 0.17 0.14 
 0.80 0.73 0.25 
 0.43 0.57 0.74 
 0.41 0.83 0.07 
 1.04 0.11 0.23 
 0.74 0.26 0.82 
 0.77 0.68 0.48 
 0.58 0.87 0.17 
 0.75 0.98 0.28 
 1.01 1.05 0.63 
 1.12 0.35 0.14 
 1.06 0.52 0.25 
 1.00 0.54 0.24 
 0.67 0.34 0.32 
 0.35 0.31 0.69 
 0.50 0.39 0.08 
 0.48 0.11 0.09 
 0.34 0.40 0.36 
 0.66 1.67 0.97 
 0.53 1.02 0.39 
 1.47 0.18 0.34 
 0.70 0.67 0.07 
 0.38 0.70 0.10 
 0.96 0.61 0.09 
 0.67 0.50 0.65 
 0.47 0.63 0.48 
 0.58 0.69 0.04 
 1.04 0.20 0.25 
 0.72 0.54 0.38 
 0.52 0.81 0.40 
 0.59 1.07 0.65 
 0.92 0.69 0.72 
 0.84 0.48 0.62 
 1.51 0.21 0.53 
 0.98 1.10 0.57 
 0.75 0.39 0.13 
 0.57 0.28 0.03 
 0.50 0.53 0.16 
 0.51 0.35 0.16 
 0.42 0.27 0.07 
 0.46 0.79 0.74 
 0.67 1.51 0.52 
 1.04 0.62 0.21 
 1.43 0.33 0.77 
 0.49 0.77 0.21 
 0.72 0.29 0.00 
 1.13 0.41 0.12 
 0.31 0.96 0.36 
 0.63 0.55 0.46 
 0.82 0.27 0.15 
 0.87 0.43 0.28 
 0.69 0.79 0.25 
 0.62 0.85 0.29 
 0.69 0.64 0.52 
 0.94 0.73 0.71 
 1.22 1.08 0.18 
 1.45 0.56 0.37 
 1.04 0.81 0.18 
 0.58 0.39 0.12 
 0.63 0.16 0.06 
 0.51 0.60 0.06 
 0.41 0.25 0.16 
 0.34 0.42 0.11 
 0.30 0.68 0.81 
 0.53 1.66 0.55 
 0.81 0.89 0.17 
 1.13 0.42 0.38 
 0.76 0.77 0.11 
 0.12 1.01 0.69 
 0.98 0.75 0.09 
 0.66 1.04 0.20 
 0.50 0.67 0.48 
 0.65 0.55 0.18 
 0.83 0.20 0.09 
 0.60 0.47 0.53 
 0.80 0.74 0.16 
 0.53 0.98 0.19 
 0.64 0.83 0.31 
 1.05 1.00 0.48 
 1.07 0.48 0.09 
 1.42 0.42 0.26 
 0.75 1.36 0.30 
 0.56 0.30 0.27 
 0.58 0.30 0.01 
 0.55 0.40 0.10 
 0.61 0.17 0.08 
 0.42 0.31 0.25 
 0.55 0.99 0.73 
 0.35 1.65 0.46 
 0.91 0.81 0.18 
 1.76 0.29 0.91 
 0.44 0.41 0.11 
 0.62 0.51 0.48 
 0.84 0.78 0.36 
 0.65 0.53 0.36 
 0.54 0.63 0.27 
 1.01 0.47 0.53 
 0.79 0.23 0.74 
 0.69 0.81 0.32 
 0.49 1.15 0.37 
 0.85 1.02 0.49 
 1.27 0.84 0.41 
 1.26 0.31 0.02 
 1.10 0.51 0.55 
 0.61 0.70 0.41 
 0.46 0.19 0.02 
 0.65 0.45 0.06 
 0.48 0.36 0.15 
 0.47 0.16 0.10 
 0.47 0.48 0.28 
 0.70 1.17 0.76 
 0.67 1.14 0.35 
 1.11 0.56 0.35 
 0.60 0.71 0.33 
 0.64 0.37 0.00 
 0.90 0.36 0.46 
 0.34 0.70 0.62 
 0.62 0.54 0.07 
 0.94 0.22 0.01 
 0.74 0.47 0.17 
 0.74 0.70 0.16 
 0.81 0.65 0.35 
 0.70 0.95 0.29 
 0.85 1.03 0.46 
 1.04 0.62 0.64 
 0.71 1.04 0.83 
 1.20 0.86 0.00 
 0.61 0.74 0.14 
 0.41 0.30 0.06 
 0.67 0.39 0.06 
 0.66 0.38 0.15 
 0.55 0.06 0.15 
 0.36 0.66 0.47 
 0.33 1.19 0.67 
 0.41 1.16 0.44 
 0.81 0.43 0.12 
 2.00 0.83 0.71 
 0.35 0.67 0.00 
 0.69 0.60 0.34 
 1.18 0.64 0.25 
 0.41 0.50 1.08 
 0.62 0.59 0.35 
 0.92 0.51 0.00 
 0.73 0.68 0.02 
 0.76 0.63 0.32 
 0.76 0.67 0.29 
 0.64 0.92 0.31 
 0.76 0.98 0.47 
 0.78 1.08 0.65 
 1.19 0.56 0.00 
 1.22 0.49 0.11 
 1.07 0.70 0.51 
 0.62 0.58 0.11 
 0.47 0.32 0.06 
 0.58 0.31 0.11 
 0.60 0.21 0.17 
 0.37 0.29 0.27 
 0.53 0.97 0.66 
 0.32 1.68 0.47 
 0.81 0.81 0.20 
 1.78 0.51 1.00 
 0.40 0.47 0.05 
 0.53 0.50 0.02 
 0.91 1.08 0.28 
 0.84 0.59 0.50 
 0.46 0.48 0.59 
 0.82 0.57 0.27 
 0.92 0.17 0.21 
 0.72 0.63 0.41 
 0.79 0.74 0.25 
 0.63 1.10 0.28 
 0.76 0.89 0.18 
 0.95 1.04 0.36 
 1.03 0.50 0.08 
 1.24 0.08 0.12 
 1.15 0.63 0.00 
 0.77 0.51 0.15 
 0.55 0.38 0.12 
 0.52 0.51 0.05 
 0.55 0.24 0.11 
 0.42 0.28 0.21 
 0.48 0.86 0.46 
 0.52 1.68 0.35 
 0.94 0.98 0.16 
 1.58 0.20 0.50 
 0.59 0.31 0.14 
 0.54 0.39 0.01 
 0.80 1.23 0.31 
 0.66 0.42 0.62 
 0.44 0.73 0.20 
 0.76 0.50 0.09 
 0.82 0.56 0.42 
 0.84 0.68 0.02 
 0.59 0.90 0.16 
 0.54 0.96 0.44 
 0.91 0.86 0.34 
 0.98 0.78 0.54 
 1.06 0.32 0.11 
 0.98 1.20 0.12 
 0.79 0.53 1.27 
 0.83 0.52 0.20 
 0.64 0.42 0.08 
 0.57 0.45 0.17 
 0.46 0.22 0.14 
 0.36 0.51 0.30 
 0.44 1.10 0.37 
 0.35 1.54 0.72 
 1.41 0.58 0.12 
 1.42 0.51 0.54 
 0.11 0.14 1.19 
 0.72 0.48 0.06 
 0.69 0.80 0.64 
 0.64 0.77 0.12 
 0.51 0.61 0.40 
 1.14 0.07 0.03 
 0.57 0.34 0.79 
 0.67 0.81 0.30 
 0.58 1.15 0.24 
 0.77 0.78 0.25 
 1.06 0.91 0.50 
 1.07 0.38 0.01 
 1.10 0.86 0.47 
 0.86 0.90 0.50 
 0.51 0.33 0.08 
 0.57 0.47 0.02 
 0.67 0.42 0.09 
 0.63 0.21 0.13 
 0.40 0.45 0.30 
 0.42 0.97 0.53 
 0.48 1.40 0.58 
 1.04 0.72 0.08 
 1.65 0.33 0.78 
 0.36 0.71 0.12 
 0.66 0.50 0.09 
 0.76 0.92 0.27 
 0.89 0.46 0.42 
 0.45 0.60 0.45 
 0.92 0.33 0.06 
 0.87 0.52 0.18 
 0.72 0.80 0.27 
 0.69 0.64 0.37 
 0.65 0.78 0.43 
 0.95 1.00 0.80 
 0.94 0.66 0.59 
 0.91 0.72 0.34 
 1.19 0.85 0.11 
 0.69 0.77 0.28 
 0.63 0.34 0.12 
 0.48 0.43 0.07 
 0.52 0.25 0.12 
 0.56 0.16 0.15 
 0.43 0.64 0.50 
 0.45 1.59 0.71 
 0.28 1.00 0.42 
 1.33 0.25 0.21 
 0.99 0.87 0.07 
 0.45 0.54 0.65 
 0.68 0.40 0.05 
 0.84 0.58 0.56 
 0.56 0.58 0.50 
 0.62 0.63 0.06 
 0.97 0.13 0.23 
 0.66 0.47 0.67 
 0.67 0.79 0.32 
 0.64 0.87 0.24 
 0.67 0.85 0.36 
 0.88 0.94 0.26 
 1.18 0.49 0.01 
 1.23 0.61 0.42 
 1.01 0.75 0.24 
 0.65 0.42 0.15 
 0.62 0.36 0.06 
 0.54 0.36 0.02 
 0.53 0.14 0.01 
 0.35 0.54 0.33 
 0.55 1.27 0.59 
 0.33 1.36 0.44 
 1.06 0.53 0.25 
 1.45 0.36 1.15 
 0.26 0.55 0.45 
 0.77 0.56 0.01 
 0.77 0.78 0.09 
 0.75 0.60 0.14 
 0.53 0.58 0.36 
 0.87 0.48 0.25 
 0.96 0.45 0.07 
 0.86 0.89 0.19 
 0.64 0.86 0.21 
 0.57 0.90 0.47 
 0.94 0.97 0.49 
 1.04 0.57 0.21 
 1.42 0.63 0.08 
 1.09 0.91 0.15 
 0.55 0.72 0.17 
 0.54 0.37 0.05 
 0.52 0.52 0.02 
 0.62 0.11 0.05 
 0.45 0.34 0.26 
 0.56 1.22 0.82 
 0.37 1.28 0.38 
 1.12 0.78 0.13 
 1.20 0.46 0.16 
 0.20 0.47 0.84 
 0.99 0.06 0.07 
 0.78 0.66 0.38 
 0.61 0.96 0.03 
 0.41 0.75 0.29 
 0.92 0.17 0.13 
 1.06 0.45 0.00 
 0.81 0.96 0.11 
 0.52 1.04 0.08 
 0.70 0.80 0.24 
 0.93 1.00 0.26 
 1.13 0.45 0.10 
 1.10 0.73 0.01 
 1.13 0.78 0.00 
 0.51 0.53 0.01 
 0.64 0.34 0.10 
 0.52 0.48 0.05 
 0.58 0.09 0.03 
 0.35 0.36 0.23 
 0.52 1.14 0.78 
 0.46 1.26 0.51 
 1.00 0.53 0.31 
 1.46 0.27 0.96 
 0.11 0.10 0.19 
 1.00 0.26 0.18 
 0.86 0.79 0.19 
 0.68 0.84 0.19 
 0.46 0.82 0.41 
 0.89 0.39 0.08 
 0.74 0.74 0.23 
 0.72 0.69 0.19 
 0.49 0.90 0.39 
 0.70 0.95 0.26 
 1.03 0.81 0.68 
 1.15 0.49 0.22 
 1.30 0.49 0.14 
 1.27 0.71 0.36 
 0.57 0.77 0.18 
 0.51 0.43 0.02 
 0.51 0.55 0.01 
 0.48 0.19 0.05 
 0.31 0.34 0.15 
 0.48 1.17 1.04 
 0.59 1.34 0.55 
 1.04 0.51 0.42 
 1.81 0.36 0.55 
 0.51 0.37 0.31 
 0.62 0.47 0.22 
 0.86 0.61 0.20 
 0.64 0.39 0.50 
 0.45 0.69 0.33 
 0.76 0.46 0.13 
 0.85 0.31 0.14 
 0.80 0.54 0.82 
 0.60 0.84 0.39 
 0.63 1.05 0.51 
 1.03 0.93 0.89 
 1.07 0.35 0.63 
 1.40 0.00 0.07 
 1.21 0.78 0.43 
 0.43 0.83 0.39 
 0.62 0.35 0.07 
 0.57 0.61 0.32 
 0.51 0.23 0.06 
 0.36 0.32 0.17 
 0.44 0.89 0.72 
 0.56 1.76 0.65 
 0.84 0.73 0.15 
 1.72 0.14 0.24 
 0.57 0.49 0.33 
 0.56 0.33 0.48 
 0.84 0.81 0.08 
 0.63 0.42 0.57 
 0.48 0.77 0.35 
 0.77 0.43 0.02 
 0.86 0.30 0.06 
 0.77 0.68 0.33 
 0.66 0.89 0.27 
 0.72 1.17 0.27 
 1.04 0.91 0.53 
 1.02 0.63 0.50 
 1.29 0.25 0.04 
 1.20 0.74 0.10 
 0.64 0.79 0.15 
 0.61 0.33 0.17 
 0.42 0.47 0.07 
 0.57 0.27 0.11 
 0.49 0.15 0.14 
 0.46 0.68 0.50 
 0.51 1.51 0.63 
 0.53 1.10 0.31 
 1.50 0.22 0.37 
 0.65 0.66 0.16 
 0.48 0.48 0.02 
 0.94 0.62 0.17 
 0.83 0.51 0.46 
 0.35 0.80 0.28 
 0.69 0.74 0.00 
 0.98 0.20 0.18 
 0.71 0.38 0.64 
 0.68 0.86 0.24 
 0.61 0.88 0.18 
 0.84 1.03 0.40 
 0.95 0.92 0.35 
 1.06 0.38 0.06 
 1.21 0.46 0.32 
 1.11 0.78 0.10 
 0.69 0.72 0.16 
 0.59 0.45 0.12 
 0.64 0.46 0.02 
 0.57 0.18 0.06 
 0.40 0.47 0.32 
 0.41 0.92 0.30 
 0.53 1.48 0.62 
 0.94 0.88 0.10 
 1.82 0.37 1.05 
 0.40 0.21 0.08 
 0.70 0.41 0.15 
 0.97 0.99 0.29 
 0.76 0.39 0.40 
 0.45 0.63 0.19 
 0.66 0.53 0.24 
 0.98 0.31 0.07 
 0.70 0.61 0.47 
 0.58 0.90 0.40 
 0.57 1.09 0.44 
 0.97 0.74 0.52 
 1.03 0.75 0.54 
 1.05 0.35 0.57 
 1.37 0.62 0.19 
 0.11 1.08 0.84 
 0.51 0.52 0.07 
 0.71 0.18 0.32 
 0.53 0.30 0.16 
 0.52 0.19 0.10 
 0.31 0.73 0.50 
 0.43 1.45 0.60 
 0.35 1.07 0.36 
 1.22 0.30 0.14 
 1.26 0.90 0.17 
 0.21 0.33 0.23 
 0.80 0.83 0.29 
 0.81 0.63 0.05 
 0.55 0.79 0.10 
 0.45 0.84 0.20 
 0.94 0.41 0.08 
 0.68 0.37 0.76 
 0.70 0.87 0.10 
 0.61 0.87 0.09 
 0.64 0.46 0.33 
 0.75 1.02 0.45 
 0.94 0.78 0.35 
 1.19 0.50 0.26 
 1.08 0.96 0.29 
 0.71 0.86 0.04 
 0.70 0.52 0.26 
 0.48 0.18 0.05 
 0.49 0.18 0.18 
 0.31 0.21 0.11 
 0.30 0.85 0.54 
 0.54 1.34 0.58 
 0.44 0.95 0.52 
 1.15 0.60 0.22 
 1.28 0.85 0.39 
 0.23 0.25 0.20 
 0.89 0.78 0.55 
 0.65 0.78 0.31 
 0.84 0.51 0.16 
 0.61 0.47 0.26 
 0.70 0.62 0.18 
 0.84 0.33 0.28 
 0.87 0.42 0.53 
 0.65 0.84 0.32 
 0.61 1.02 0.22 
 0.85 0.95 0.50 
 0.98 0.94 0.42 
 1.09 0.40 0.02 
 1.18 0.64 0.22 
 0.78 0.81 0.54 
 0.70 0.43 0.16 
 0.71 0.49 0.15 
 0.53 0.49 0.16 
 0.60 0.24 0.10 
 0.50 0.52 0.29 
 0.45 1.04 0.38 
 0.38 1.46 0.35 
 0.49 0.78 0.18 
 1.61 0.52 0.33 
 0.59 0.42 0.23 
 0.77 0.28 0.01 
 0.86 0.92 0.32 
 0.65 0.74 0.36 
 0.34 0.80 0.29 
 0.79 0.58 0.17 
 0.95 0.19 0.16 
 0.74 0.70 0.08 
 0.69 0.81 0.16 
 0.63 0.67 0.19 
 0.82 0.81 0.27 
 0.91 0.82 0.37 
 1.06 0.38 0.44 
 1.13 0.23 0.16 
 0.95 1.05 0.14 
 0.61 0.66 0.07 
 0.60 0.52 0.13 
 0.91 0.38 0.12 
 0.56 0.36 0.17 
 0.41 0.30 0.23 
 0.30 0.76 0.39 
 0.46 1.21 0.55 
 0.43 0.95 0.37 
 1.21 0.45 0.22 
 1.08 0.69 0.36 
 0.24 0.58 0.88 
 0.91 0.54 0.10 
 0.83 0.57 0.52 
 0.34 0.63 0.37 
 0.60 0.73 0.24 
 0.96 0.27 0.19 
 0.71 0.32 0.52 
 0.76 0.81 0.33 
 0.77 0.79 0.19 
 0.78 0.82 0.38 
 0.71 1.10 0.52 
 1.01 0.52 0.75 
 1.08 0.39 0.45 
 0.90 1.13 0.00 
 0.77 0.57 0.15 
 0.54 0.42 0.06 
 0.52 0.53 0.02 
 0.56 0.30 0.12 
 0.44 0.21 0.23 
 0.41 0.83 0.63 
 0.44 1.26 0.79 
 0.26 0.92 0.15 
 1.67 0.38 0.09 
 0.84 0.42 0.18 
 0.85 0.59 0.43 
 0.56 0.94 0.08 
 0.88 0.66 0.29 
 0.46 0.71 0.13 
 0.67 0.48 0.19 
 0.72 0.47 0.11 
 0.79 0.46 0.18 
 0.69 0.62 0.28 
 0.68 0.69 0.40 
 0.66 0.82 0.51 
 0.71 0.78 0.31 
 0.90 1.07 1.45 
 0.92 0.55 0.26 
 0.98 1.18 0.07 
 0.83 0.59 0.07 
 0.59 0.30 0.16 
 0.58 0.63 0.08 
 0.73 0.43 0.12 
 0.52 0.45 0.31 
 0.42 0.73 0.38 
 0.51 0.76 0.36 
 0.54 1.05 0.33 
 0.49 0.52 0.06 
 1.11 0.63 0.68 
 0.83 0.58 0.08 
 0.51 0.60 0.12 
 0.77 0.63 0.20 
 0.80 0.73 0.24 
 0.61 0.55 0.24 
 0.70 0.59 0.20 
 0.59 0.52 0.32 
 0.66 0.58 0.31 
 0.58 0.56 0.29 
 0.57 0.53 0.25 
 0.44 0.49 0.00 
 0.48 0.76 0.21 
 0.32 0.89 0.14 
 0.43 0.61 0.24 
 1.13 1.12 0.29 
 1.34 1.39 0.50 
 0.77 0.50 0.46 
 0.75 0.69 0.48 
 0.59 0.55 0.33 
 0.35 0.19 0.20 
 0.36 0.32 0.24 
 0.22 0.61 0.27 
 0.39 0.97 0.37 
 0.56 0.50 0.32 
 0.40 0.72 0.55 
 0.50 0.59 0.60 
 0.84 0.74 0.22 
 1.20 0.86 0.55 
 0.90 1.20 0.07 
 0.59 0.64 0.34 
 0.85 0.71 0.25 
 0.75 0.50 0.17 
 0.59 0.37 0.18 
 0.49 0.55 0.39 
 0.35 0.64 0.09 
 0.65 1.02 0.02 
 0.40 0.61 0.09 
 0.51 0.94 0.13 
 0.60 0.60 0.10 
 0.50 1.03 0.02 
 1.09 1.35 0.59 
 0.88 1.06 0.26 
 0.90 0.65 0.29 
 0.58 0.55 0.30 
 0.59 0.33 0.25 
 0.42 0.39 0.33 
 0.30 0.54 0.22 
 0.40 0.64 0.14 
 0.58 0.79 0.41 
 0.32 0.74 0.21 
 0.54 0.80 0.47 
 0.73 0.46 0.33 
 0.94 0.77 0.67 
 0.83 1.03 0.32 
 0.80 0.94 0.76 
 0.72 1.15 0.50 
 0.79 0.53 0.11 
 0.53 0.58 0.32 
 0.73 0.31 0.42 
 0.40 0.35 0.08 
 0.39 0.88 0.25 
 0.31 0.59 0.41 
 0.26 0.78 0.41 
 0.71 0.73 0.21 
 1.12 1.52 0.74 
 1.37 0.72 0.54 
 0.80 0.69 0.39 
 0.57 0.53 0.22 
 0.68 0.45 0.27 
 0.31 0.17 0.20 
 0.15 0.49 0.23 
 0.37 0.44 0.14 
 0.45 1.11 0.58 
 0.40 0.59 0.31 
 0.44 0.65 0.57 
 0.64 0.71 0.64 
 1.08 0.81 0.49 
 0.91 1.04 0.26 
 0.99 1.01 0.46 
 0.76 0.97 0.36 
 0.75 0.67 0.31 
 0.65 0.55 0.13 
 0.46 0.55 0.28 
 0.51 0.46 0.30 
 0.48 0.69 0.27 
 0.49 0.71 0.30 
 0.34 0.48 0.10 
 0.68 0.91 0.21 
 0.59 0.76 0.19 
 0.76 1.08 0.14 
 1.08 1.21 0.58 
 1.05 1.01 0.28 
 0.74 0.53 0.22 
 0.55 0.51 0.14 
 0.30 0.31 0.18 
 0.41 0.23 0.33 
 0.45 0.39 0.16 
 0.49 0.72 0.03 
 0.42 0.93 0.50 
 0.50 0.69 0.43 
 0.85 1.02 0.30 
 0.90 0.62 0.79 
 1.07 1.17 0.09 
 0.75 0.85 0.18 
 0.89 0.57 0.13 
 0.56 0.79 0.05 
 0.49 0.57 0.63 
 0.45 0.29 0.06 
 0.61 0.73 0.33 
 0.28 0.96 0.36 
 0.45 0.69 0.23 
 0.51 0.82 0.73 
 0.90 0.90 0.32 
 1.11 1.53 0.04 
 0.72 0.57 0.21 
 0.59 0.63 0.19 
 0.61 0.56 0.33 
 0.44 0.26 0.33 
 0.44 0.30 0.31 
 0.38 0.67 0.36 
 0.34 1.16 0.57 
 0.60 0.78 0.77 
 0.90 0.81 0.28 
 1.07 0.89 0.14 
 1.32 0.62 0.06 
 0.84 0.43 0.29 
 0.66 0.70 0.84 
 0.34 0.91 0.06 
 0.88 0.32 0.20 
 0.75 0.49 0.56 
 0.63 1.01 0.28 
 0.52 0.85 0.48 
 0.91 1.14 0.88 
 0.96 0.83 0.34 
 1.12 0.67 0.17 
 1.07 0.76 0.02 
 0.29 1.41 0.43 
 0.65 0.39 0.09 
 0.56 0.39 0.00 
 0.53 0.14 0.12 
 0.44 0.70 0.33 
 0.50 1.00 0.64 
 0.39 1.18 0.18 
 1.27 0.36 0.22 
 0.59 0.58 0.45 
 0.63 0.55 0.21 
 0.96 0.43 0.48 
 0.78 0.48 0.09 
 0.50 0.61 0.01 
 1.20 0.19 0.32 
 0.75 0.29 0.64 
 0.67 0.76 0.14 
 0.75 0.84 0.21 
 0.70 0.77 0.28 
 0.90 0.97 0.58 
 0.90 0.59 0.12 
 1.05 0.56 0.59 
 1.08 0.75 0.23 
 0.73 0.85 0.60 
 0.52 0.58 0.08 
 0.63 0.64 0.10 
 0.70 0.35 0.09 
 0.42 0.42 0.27 
 0.58 0.61 0.31 
 0.44 0.99 0.58 
 0.35 1.21 0.22 
 0.85 0.95 0.24 
 1.34 0.48 0.90 
 0.49 0.40 0.16 
 0.63 0.60 0.29 
 0.86 0.69 0.65 
 0.79 0.61 0.21 
 0.53 0.47 0.52 
 0.52 0.73 0.14 
 0.80 0.31 0.28 
 0.78 0.50 0.36 
 0.66 0.81 0.37 
 0.80 0.47 0.26 
 0.84 0.85 0.40 
 1.00 0.90 0.57 
 0.01 0.60 0.45 
 1.29 0.69 0.00 
 0.92 1.46 0.23 
 0.43 0.50 0.42 
 0.36 0.34 0.15 
 0.44 0.34 0.27 
 0.44 0.17 0.22 
 0.29 0.68 0.29 
 0.36 0.69 0.33 
 0.44 0.62 0.35 
 0.56 0.86 0.42 
 0.47 0.40 0.29 
 1.06 0.74 0.80 
 1.01 0.80 0.41 
 0.96 1.36 0.62 
 0.57 0.41 0.25 
 0.84 0.82 0.22 
 0.80 0.58 0.30 
 0.30 0.43 0.03 
 0.55 0.71 0.40 
 0.59 0.77 0.47 
 0.11 0.59 0.11 
 0.66 0.69 0.38 
 0.54 0.78 0.25 
 0.78 1.28 0.29 
 1.39 0.98 0.57 
 0.85 0.43 0.12 
 0.73 1.04 0.24 
 0.36 0.28 0.07 
 0.45 0.43 0.34 
 0.39 0.16 0.26 
 0.39 0.62 0.18 
 0.58 0.28 0.52 
 0.52 0.79 0.38 
 0.61 0.68 0.63 
 0.67 0.72 0.57 
 1.01 1.00 0.50 
 0.92 1.16 0.07 
 0.96 0.73 0.32 
 0.71 0.61 0.09 
 0.66 0.54 0.23 
 0.52 0.56 0.46 
 0.34 0.54 0.36 
 0.50 0.62 0.04 
 0.51 0.82 0.48 
 0.26 0.40 0.42 
 0.54 1.19 0.51 
 0.76 0.99 0.43 
 1.01 1.00 0.55 
 0.98 1.11 0.05 
 0.76 0.62 0.17 
 0.43 0.37 0.09 
 0.49 0.56 0.15 
 0.39 0.15 0.23 
 0.45 0.62 0.21 
 0.42 0.57 0.37 
 0.58 0.92 0.33 
 0.32 0.75 0.47 
 0.97 0.75 0.44 
 1.03 0.85 0.50 
 0.79 1.07 0.51 
 0.93 0.92 0.14 
 0.76 0.53 0.14 
 0.75 0.66 0.22 
 0.55 0.47 0.41 
 0.46 0.42 0.24 
 0.55 0.65 0.17 
 0.25 0.80 0.53 
 0.46 0.81 0.14 
 0.43 0.85 0.62 
 0.87 1.10 0.00 
 1.23 1.12 0.49 
 0.98 0.70 0.07 
 0.77 0.70 0.29 
 0.74 0.68 0.18 
 0.47 0.32 0.18 
 0.45 0.25 0.26 
 0.36 0.53 0.29 
 0.36 0.64 0.29 
 0.48 0.64 0.47 
 0.49 0.81 0.49 
 0.51 0.57 0.43 
 0.81 0.84 0.31 
 1.05 0.83 0.18 
 1.03 1.07 0.38 
 0.92 0.72 0.08 
 0.76 0.75 0.03 
 0.62 0.52 0.05 
 0.67 0.49 0.25 
 0.46 0.52 0.28 
 0.49 1.03 0.68 
 0.51 0.97 0.69 
 0.51 0.92 0.64 
 0.55 0.59 0.28 
 0.34 0.67 0.01 
 1.01 1.57 0.63 
 1.14 0.89 0.68 
 1.07 1.02 0.42 
 0.54 0.56 0.20 
 0.49 0.57 0.17 
 0.64 0.16 0.20 
 0.26 0.37 0.15 
 0.39 0.66 0.20 
 0.52 0.68 0.43 
 0.47 0.55 0.51 
 0.55 0.84 0.76 
 0.86 0.76 0.42 
 1.08 0.78 0.02 
 0.71 1.34 0.13 
 1.02 0.69 0.19 
 0.72 0.78 0.05 
 0.68 0.72 0.39 
 0.61 0.42 0.10 
 0.59 0.55 0.36 
 0.39 0.67 0.28 
 0.36 0.75 0.13 
 0.53 0.83 0.42 
 0.32 0.81 0.02 
 0.45 0.84 0.53 
 0.46 0.91 0.42 
 1.11 0.99 0.34 
 1.01 0.81 0.46 
 1.22 1.09 0.28 
 0.70 0.74 0.39 
 0.46 0.45 0.13 
 0.57 0.49 0.16 
 0.54 0.23 0.22 
 0.39 0.43 0.22 
 0.40 0.87 0.36 
 0.32 0.81 0.63 
 0.61 0.94 0.49 
 0.33 0.91 0.43 
 0.82 1.11 0.28 
 0.92 0.59 0.09 
 1.06 1.14 0.01 
 1.03 0.30 0.02 
 1.08 0.61 0.55 
 0.60 0.55 0.34 
 0.59 0.47 0.06 
 0.77 0.29 0.20 
 0.75 0.58 0.22 
 0.60 0.92 0.31 
 0.53 0.91 0.38 
 0.74 0.71 0.49 
 0.96 1.13 0.21 
 1.40 0.45 0.13 
 1.25 0.75 0.42 
 0.90 0.70 0.10 
 0.74 0.49 0.23 
 0.49 0.47 0.18 
 0.57 0.21 0.16 
 0.50 0.34 0.04 
 0.32 0.72 0.51 
 0.39 1.50 0.44 
 0.31 1.25 0.01 
 1.59 0.43 0.35 
 1.20 0.77 0.18 
 0.47 0.50 0.54 
 0.85 0.37 0.01 
 0.64 0.71 0.74 
 0.38 0.55 0.07 
 1.04 0.34 0.24 
 0.54 0.66 0.59 
 0.71 0.86 0.11 
 0.64 0.91 0.25 
 0.55 0.92 0.18 
 0.85 0.99 0.56 
 0.93 0.54 0.69 
 1.39 0.39 0.13 
 1.30 0.72 0.61 
 0.54 0.52 1.10 
 0.47 0.45 0.22 
 0.62 0.39 0.04 
 0.61 0.18 0.07 
 0.49 0.29 0.14 
 0.42 0.79 0.44 
 0.37 1.44 0.52 
 0.45 1.04 0.28 
 1.37 0.19 0.39 
 0.65 0.53 0.15 
 0.50 0.38 0.04 
 0.80 0.52 0.25 
 0.86 0.69 0.04 
 0.53 0.81 0.70 
 0.73 0.61 0.06 
 1.06 0.34 0.41 
 0.68 0.74 0.24 
 0.75 0.72 0.36 
 0.51 0.99 0.07 
 0.84 0.95 0.23 
 0.84 1.09 0.45 
 1.06 0.50 0.06 
 1.11 0.57 0.04 
 1.10 0.71 0.09 
 0.60 0.45 0.05 
 0.62 0.54 0.04 
 0.62 0.38 0.09 
 0.49 0.14 0.16 
 0.31 0.36 0.34 
 0.42 1.22 0.58 
 0.40 1.45 0.52 
 1.41 0.41 0.23 
 0.76 0.45 0.66 
 0.23 0.03 0.17 
 0.91 0.57 0.01 
 0.59 0.90 0.61 
 0.45 0.52 0.34 
 0.53 0.68 0.12 
 1.14 0.07 0.36 
 0.54 0.87 0.28 
 0.66 0.87 0.33 
 0.52 1.17 0.19 
 0.92 0.76 0.44 
 1.06 0.70 0.61 
 1.33 0.55 0.00 
 1.29 0.47 0.42 
 0.58 1.11 0.33 
 0.64 0.42 0.18 
 0.58 0.26 0.03 
 0.54 0.25 0.06 
 0.56 0.24 0.14 
 0.31 0.79 0.52 
 0.60 1.50 0.95 
 0.45 0.76 0.21 
 1.09 0.30 0.07 
 0.88 0.89 0.05 
 0.72 0.53 0.50 
 0.72 0.76 0.26 
 0.98 0.55 0.91 
 0.35 0.47 0.42 
 0.62 0.76 0.01 
 0.96 0.40 0.13 
 0.69 0.63 0.62 
 0.55 0.90 0.42 
 0.77 0.94 0.26 
 0.82 0.90 0.28 
 0.97 0.70 0.52 
 1.27 0.32 0.19 
 1.17 0.91 0.63 
 0.78 1.17 0.75 
 0.50 0.49 0.07 
 0.64 0.03 0.16 
 0.54 0.18 0.14 
 0.47 0.25 0.09 
 0.37 1.07 0.61 
 0.63 1.40 0.35 
 0.47 0.75 0.01 
 1.38 0.16 0.43 
 0.75 1.00 0.05 
 0.68 0.31 0.32 
 0.67 0.65 0.06 
 1.00 0.56 0.15 
 0.27 0.78 0.30 
 0.55 0.75 0.09 
 1.06 0.29 0.30 
 0.55 0.31 1.06 
 0.52 0.77 0.33 
 0.38 0.61 0.05 
 0.78 0.66 0.93 
 1.02 0.58 0.33 
 1.30 0.55 0.34 
 1.16 0.73 0.38 
 0.91 0.53 0.11 
 0.56 0.31 0.12 
 0.46 0.51 0.14 
 0.49 0.21 0.00 
 0.35 0.52 0.30 
 0.48 1.48 0.76 
 0.47 1.15 0.26 
 1.06 0.18 0.22 
 1.43 0.21 0.86 
 0.35 0.54 0.06 
 0.73 0.70 0.56 
 0.84 0.56 0.58 
 0.57 0.75 0.22 
 0.46 0.72 0.18 
 0.80 0.48 0.14 
 0.85 0.52 0.03 
 0.67 0.99 0.08 
 0.65 1.00 0.30 
 0.60 0.57 0.49 
 0.89 0.76 0.79 
 0.99 0.52 0.14 
 1.10 0.97 0.26 
 0.98 0.77 0.28 
 0.73 0.01 0.15 
 0.61 0.26 0.07 
 0.43 0.38 0.13 
 0.48 0.24 0.00 
 0.36 0.93 0.37 
 0.61 1.22 0.45 
 0.34 0.83 0.38 
 1.01 0.31 0.32 
 1.43 0.56 0.44 
 0.22 0.35 0.12 
 0.77 0.69 0.56 
 0.88 0.67 0.29 
 0.55 0.74 0.17 
 0.36 0.90 0.23 
 0.93 0.29 0.00 
 0.85 0.47 0.21 
 0.55 0.93 0.16 
 0.48 0.89 0.31 
 0.85 0.83 0.32 
 0.83 0.88 0.88 
 1.06 0.58 0.39 
 1.18 0.76 0.22 
 0.93 0.87 0.40 
 0.56 0.41 0.19 
 0.62 0.19 0.02 
 0.60 0.34 0.14 
 0.51 0.14 0.09 
 0.37 0.47 0.16 
 0.31 1.39 0.65 
 0.41 1.43 0.36 
 0.70 0.67 0.34 
 1.54 0.47 0.54 
 0.73 0.81 0.01 
 0.57 0.40 0.35 
 1.19 0.76 0.08 
 0.70 0.59 0.96 
 0.52 0.56 0.24 
 0.67 0.66 0.17 
 0.87 0.26 0.01 
 0.74 0.55 0.38 
 0.56 0.87 0.43 
 0.57 0.80 0.26 
 0.90 0.62 0.70 
 1.14 0.54 0.43 
 1.16 0.33 0.37 
 1.19 0.62 0.15 
 0.83 0.67 0.10 
 0.63 0.40 0.05 
 0.53 0.56 0.10 
 0.41 0.16 0.10 
 0.43 0.39 0.08 
 0.44 1.32 0.46 
 0.43 1.21 0.47 
 1.50 0.59 0.56 
 1.04 0.19 0.39 
 0.47 0.54 0.72 
 0.93 0.75 0.09 
 0.81 0.66 0.24 
 0.52 0.74 0.19 
 0.54 0.90 0.32 
 0.66 0.60 0.02 
 0.79 0.48 0.09 
 0.67 0.96 0.19 
 0.55 0.88 0.16 
 0.75 0.75 0.46 
 0.85 0.77 0.62 
 1.09 0.50 0.50 
 1.03 0.48 0.01 
 1.09 0.74 0.18 
 0.47 0.44 0.24 
 0.70 0.42 0.01 
 0.49 0.52 0.14 
 0.35 0.43 0.12 
 0.34 0.54 0.18 
 0.51 0.73 0.51 
 0.25 1.62 0.90 
 0.94 0.60 0.21 
 1.61 1.03 0.34 
 0.45 0.27 0.12 
 0.91 0.87 0.33 
 1.02 0.67 0.18 
 0.90 0.50 0.03 
 0.48 0.50 0.65 
 0.72 0.61 0.10 
 0.96 0.32 0.07 
 0.66 0.94 0.03 
 0.63 0.99 0.41 
 0.63 0.60 0.23 
 0.92 0.84 0.72 
 1.13 0.55 0.51 
 1.06 0.16 0.04 
 1.18 1.34 0.39 
 1.02 0.64 0.06 
 0.69 0.38 0.17 
 0.45 0.41 0.02 
 0.42 0.43 0.07 
 0.21 0.16 0.17 
 0.42 0.69 0.67 
 0.51 1.90 0.66 
 1.10 0.62 0.29 
 1.51 0.53 0.98 
 0.41 0.54 0.18 
 0.83 0.56 0.11 
 0.75 0.76 0.22 
 0.70 0.62 0.16 
 0.38 0.68 0.24 
 0.75 0.49 0.00 
 0.71 0.47 0.03 
 0.64 0.87 0.12 
 0.56 1.08 0.05 
 0.71 0.47 0.32 
 0.98 1.01 0.42 
 1.20 0.48 0.08 
 0.83 1.08 0.05 
 0.89 0.94 0.16 
 0.74 0.38 0.12 
 0.58 0.30 0.04 
 0.51 0.56 0.14 
 0.53 0.19 0.06 
 0.34 0.42 0.38 
 0.32 1.29 0.63 
 0.52 1.20 0.64 
 1.24 0.70 0.32 
 0.97 0.81 0.28 
 0.52 0.56 0.05 
 0.91 0.40 0.01 
 0.89 0.72 0.07 
 0.64 0.79 0.23 
 0.46 0.82 0.16 
 0.93 0.53 0.37 
 0.94 0.24 0.64 
 0.73 0.75 0.26 
 0.53 0.67 0.20 
 0.70 1.10 0.56 
 0.84 1.16 0.50 
 0.94 0.69 0.14 
 1.27 0.42 0.17 
 0.98 0.66 0.03 
 0.96 0.54 0.26 
 0.57 0.31 0.14 
 0.49 0.30 0.01 
 0.62 0.15 0.06 
 0.37 0.40 0.25 
 0.60 1.23 0.81 
 0.32 1.35 0.29 
 0.98 0.54 0.47 
 1.54 0.57 1.28 
 0.66 0.46 0.22 
 0.66 0.72 0.41 
 0.91 0.36 0.20 
 0.64 0.91 0.81 
 0.49 0.83 0.16 
 0.85 0.52 0.17 
 0.80 0.47 0.01 
 0.78 0.73 0.16 
 0.65 0.90 0.32 
 0.60 1.10 0.31 
 0.98 1.18 0.49 
 0.99 0.42 0.35 
 0.96 0.32 0.07 
 1.33 0.73 0.24 
 0.69 0.71 1.38 
 0.47 0.34 0.07 
 0.64 0.48 0.10 
 0.70 0.36 0.11 
 0.39 0.21 0.22 
 0.38 0.90 0.46 
 0.54 1.08 0.79 
 0.63 0.97 0.04 
 1.72 0.85 0.52 
 0.34 0.89 0.26 
 0.69 0.49 0.13 
 0.77 0.74 0.48 
 0.75 0.39 0.00 
 0.47 0.60 0.50 
 0.65 0.63 0.05 
 0.89 0.46 0.01 
 0.76 0.58 0.40 
 0.69 0.94 0.28 
 0.70 0.84 0.11 
 0.72 0.96 0.29 
 0.83 0.95 0.49 
 0.95 0.46 0.13 
 1.18 0.89 0.37 
 0.90 0.41 0.70 
 0.52 0.60 0.08 
 0.51 0.26 0.10 
 0.72 0.36 0.13 
 0.63 0.17 0.02 
 0.42 0.50 0.29 
 0.31 0.85 0.36 
 0.49 1.26 0.21 
 0.72 1.19 0.13 
 1.47 0.59 0.79 
 0.44 0.24 0.24 
 0.62 0.61 0.18 
 1.01 0.67 0.18 
 0.69 0.58 0.14 
 0.58 0.59 0.56 
 0.49 0.78 0.20 
 0.73 0.32 0.05 
 0.65 0.45 0.26 
 0.66 0.77 0.10 
 0.68 0.89 0.38 
 0.61 0.66 0.47 
 1.05 1.08 0.46 
 1.10 0.45 0.60 
 0.87 0.53 0.03 
 1.19 0.64 0.15 
 1.09 0.35 0.54 
 0.60 0.42 0.10 
 0.54 0.57 0.11 
 0.56 0.36 0.13 
 0.46 0.36 0.20 
 0.48 0.79 0.43 
 0.45 1.54 0.55 
 0.83 0.65 0.24 
 1.37 0.75 0.01 
 0.58 0.57 0.07 
 0.60 0.69 0.32 
 0.94 0.41 0.19 
 0.76 0.54 0.64 
 0.61 0.61 0.29 
 0.54 0.71 0.14 
 0.90 0.37 0.09 
 0.76 0.46 0.38 
 0.64 0.70 0.32 
 0.61 0.68 0.40 
 0.61 0.82 0.36 
 0.95 0.86 0.52 
 1.01 0.76 0.94 
 0.55 0.27 0.22 
 1.08 0.88 0.19 
 0.89 0.60 0.07 
 0.62 0.40 0.06 
 0.58 0.48 0.22 
 0.67 0.37 0.14 
 0.48 0.20 0.16 
 0.26 0.61 0.39 
 0.36 1.17 0.38 
 0.55 1.10 0.50 
 0.94 0.72 0.44 
 1.30 0.64 0.86 
 0.51 0.52 0.19 
 0.72 0.70 0.72 
 0.84 0.42 0.02 
 0.80 0.49 0.71 
 0.53 0.54 0.48 
 0.50 0.71 0.08 
 0.89 0.36 0.26 
 0.68 0.53 0.23 
 0.57 0.82 0.30 
 0.62 0.79 0.27 
 0.66 0.98 0.32 
 0.84 0.86 0.28 
 1.09 0.37 0.58 
 0.98 0.68 0.23 
 0.72 1.50 0.60 
 0.68 0.49 0.06 
 0.53 0.43 0.10 
 0.54 0.44 0.17 
 0.52 0.25 0.10 
 0.38 0.47 0.34 
 0.39 1.00 0.50 
 0.43 1.45 0.69 
 0.73 0.69 0.20 
 1.70 0.72 0.24 
 0.57 0.49 0.40 
 0.78 0.46 0.46 
 0.92 0.43 0.31 
 0.49 0.61 0.68 
 0.50 0.68 0.36 
 0.62 0.59 0.05 
 0.83 0.29 0.24 
 0.76 0.61 0.37 
 0.64 0.85 0.38 
 0.62 0.65 0.34 
 0.84 0.76 0.51 
 0.85 1.24 0.54 
 0.65 0.51 0.82 
 1.09 0.66 0.18 
 0.87 0.71 0.50 
 0.71 0.75 0.03 
 0.56 0.37 0.02 
 0.62 0.31 0.10 
 0.59 0.27 0.13 
 0.47 0.45 0.35 
 0.40 0.80 0.44 
 0.52 1.34 0.37 
 0.76 1.27 0.18 
 1.30 0.51 0.56 
 0.69 0.59 0.38 
 0.63 0.49 0.29 
 0.73 0.63 0.22 
 0.76 0.60 0.36 
 0.61 0.62 0.19 
 0.54 0.50 0.20 
 0.59 0.46 0.13 
 0.74 0.33 0.13 
 0.82 0.52 0.15 
 0.63 0.75 0.73 
 0.53 0.75 0.47 
 1.00 1.08 0.69 
 1.03 0.92 0.38 
 1.07 0.75 0.03 
 1.05 0.82 0.10 
 0.59 0.36 0.08 
 0.47 0.28 0.13 
 0.62 0.20 0.18 
 0.42 0.26 0.13 
 0.29 0.93 0.31 
 0.61 1.37 0.74 
 1.00 0.97 0.33 
 1.34 0.32 0.25 
 1.36 0.46 0.71 
 0.83 0.71 0.36 
 0.77 0.39 0.25 
 0.66 0.45 0.37 
 0.49 0.60 0.31 
 0.72 0.56 0.31 
 0.69 0.27 0.34 
 0.70 0.77 0.38 
 0.52 0.97 0.50 
 0.48 0.48 0.40 
 0.97 1.29 1.18 
 1.32 0.68 0.25 
 1.08 1.30 0.47 
 1.22 1.02 1.00 
 0.70 0.54 0.15 
 0.54 0.18 0.11 
 0.55 0.42 0.07 
 0.48 0.01 0.04 
 0.32 0.63 0.21 
 0.46 1.47 0.89 
 0.90 1.56 0.37 
 1.41 0.12 0.11 
 0.55 0.31 0.07 
 0.58 0.30 0.08 
 0.87 0.93 0.52 
 0.76 0.62 0.71 
 0.43 0.54 0.61 
 0.53 0.68 0.07 
 1.03 0.15 0.24 
 0.55 0.53 0.61 
 0.60 0.76 0.35 
 0.49 1.20 0.18 
 0.94 0.77 0.49 
 1.23 1.00 0.46 
 1.29 0.33 0.11 
 1.18 0.86 0.08 
 0.80 1.16 0.34 
 0.50 0.31 0.19 
 0.62 0.10 0.09 
 0.51 0.30 0.03 
 0.45 0.16 0.10 
 0.35 0.57 0.50 
 0.63 1.95 0.80 
 0.92 0.94 0.25 
 1.87 0.30 0.39 
 0.10 0.78 0.11 
 0.76 0.79 0.29 
 0.98 0.54 0.42 
 0.53 0.70 0.37 
 0.49 0.73 0.51 
 0.82 0.53 0.19 
 0.93 0.25 0.23 
 0.76 0.49 0.49 
 0.52 0.81 0.35 
 0.45 0.69 0.10 
 1.00 0.90 0.74 
 1.06 0.55 0.51 
 1.25 0.37 0.04 
 1.14 0.70 0.51 
 0.50 1.57 0.17 
 0.58 0.23 0.20 
 0.50 0.34 0.11 
 0.61 0.21 0.13 
 0.43 0.27 0.10 
 0.40 0.83 0.59 
 0.46 1.62 0.67 
 0.66 0.92 0.23 
 1.87 0.44 0.13 
 0.49 0.38 0.25 
 0.64 0.11 0.35 
 0.94 0.56 0.25 
 0.61 0.86 0.71 
 0.39 0.66 0.39 
 0.65 0.64 0.01 
 0.99 0.30 0.04 
 0.57 0.51 0.63 
 0.63 0.68 0.44 
 0.50 0.80 0.15 
 0.98 1.15 0.50 
 1.41 0.45 0.62 
 1.13 0.13 0.13 
 1.18 0.61 0.19 
 0.30 1.70 0.18 
 0.49 0.36 0.12 
 0.53 0.32 0.12 
 0.59 0.42 0.14 
 0.55 0.27 0.13 
 0.39 0.74 0.43 
 0.47 1.30 0.64 
 0.28 0.99 0.33 
 1.01 0.37 0.31 
 1.16 1.40 0.32 
 0.26 0.52 0.07 
 1.00 0.82 0.42 
 0.92 0.53 0.08 
 0.60 0.79 0.29 
 0.42 0.70 0.38 
 1.00 0.40 0.23 
 0.87 0.46 0.20 
 0.63 0.74 0.11 
 0.63 0.69 0.34 
 0.68 0.92 0.41 
 0.75 0.68 0.62 
 1.11 0.53 0.42 
 1.06 0.96 0.01 
 1.01 0.89 0.05 
 0.67 0.85 1.05 
 0.55 0.33 0.17 
 0.56 0.40 0.11 
 0.57 0.35 0.12 
 0.42 0.26 0.15 
 0.33 0.65 0.42 
 0.46 1.27 0.60 
 0.28 1.35 0.60 
 0.96 0.46 0.09 
 1.49 0.85 0.77 
 0.34 0.75 0.16 
 0.84 0.48 0.32 
 0.84 0.81 0.15 
 0.67 0.55 0.40 
 0.47 0.54 0.19 
 0.81 0.49 0.00 
 0.86 0.38 0.24 
 0.64 0.65 0.22 
 0.77 0.59 0.35 
 0.61 0.92 0.23 
 0.69 0.78 0.53 
 0.76 1.51 0.66 
 0.80 0.56 0.46 
 1.18 0.36 0.33 
 0.78 1.07 0.19 
 0.95 0.59 0.19 
 0.59 0.33 0.03 
 0.61 0.52 0.20 
 0.60 0.13 0.15 
 0.31 0.35 0.20 
 0.24 0.79 0.66 
 0.86 1.50 0.55 
 0.75 0.96 0.19 
 1.64 0.63 0.30 
 0.51 0.76 0.14 
 0.40 0.20 0.61 
 0.99 0.23 0.50 
 0.53 0.78 0.48 
 0.41 0.68 0.53 
 0.67 0.52 0.21 
 0.91 0.32 0.04 
 0.80 0.63 0.21 
 0.68 0.77 0.29 
 0.57 0.78 0.35 
 0.62 0.87 0.29 
 0.80 0.95 0.89 
 1.12 0.70 0.42 
 1.55 0.19 0.17 
 1.26 0.88 0.03 
 0.80 0.33 0.08 
 0.48 0.15 0.07 
 0.44 0.65 0.15 
 0.51 0.10 0.05 
 0.27 0.28 0.21 
 0.44 1.35 0.86 
 0.40 1.11 0.36 
 0.99 0.73 0.43 
 2.00 0.74 0.77 
 0.24 0.37 0.15 
 0.79 0.42 0.05 
 0.98 0.63 0.24 
 0.69 0.47 0.83 
 0.56 0.60 0.29 
 0.71 0.59 0.14 
 0.80 0.41 0.21 
 0.70 0.44 0.45 
 0.63 0.76 0.30 
 0.52 0.96 0.12 
 0.86 0.82 0.40 
 1.06 0.76 0.57 
 1.02 0.42 0.16 
 0.96 0.87 0.12 
 0.78 1.05 0.40 
 0.57 0.48 0.08 
 0.62 0.25 0.02 
 0.63 0.36 0.09 
 0.59 0.24 0.15 
 0.47 0.34 0.34 
 0.49 0.82 0.50 
 0.49 1.54 0.64 
 0.47 0.71 0.02 
 1.41 0.46 0.06 
 1.00 0.77 0.07 
 0.44 0.39 0.01 
 0.76 0.99 0.06 
 0.66 0.14 0.69 
 0.69 0.99 0.18 
 0.39 0.78 0.33 
 0.78 0.48 0.15 
 0.69 0.52 0.23 
 0.80 0.74 0.18 
 0.80 0.79 0.28 
 0.75 0.92 0.61 
 0.86 0.73 0.56 
 1.05 0.82 0.70 
 1.01 0.26 0.18 
 0.87 0.71 0.31 
 0.66 1.12 0.50 
 0.49 0.48 0.05 
 0.53 0.39 0.08 
 0.56 0.43 0.08 
 0.57 0.20 0.14 
 0.39 0.50 0.31 
 0.42 1.29 0.59 
 0.46 1.25 0.56 
 0.94 0.54 0.32 
 1.68 0.77 1.00 
 0.28 0.64 0.19 
 0.59 0.45 0.00 
 0.93 0.78 0.09 
 0.69 0.49 0.28 
 0.36 0.63 0.57 
 0.84 0.61 0.16 
 0.81 0.47 0.07 
 0.72 0.73 0.13 
 0.69 0.73 0.35 
 0.42 0.78 0.55 
 0.98 0.84 0.36 
 1.02 0.77 0.58 
 1.20 0.30 0.04 
 1.03 0.79 0.10 
 0.59 1.30 1.04 
 0.37 0.53 0.09 
 0.56 0.42 0.14 
 0.58 0.45 0.08 
 0.55 0.24 0.13 
 0.42 0.51 0.30 
 0.41 0.92 0.39 
 0.42 1.48 0.46 
 0.65 0.83 0.08 
 1.78 0.79 0.42 
 0.75 0.53 0.21 
 0.64 0.40 0.36 
 0.97 0.41 0.02 
 0.57 0.41 0.50 
 0.51 0.74 0.31 
 0.74 0.71 0.00 
 0.96 0.41 0.15 
 0.78 0.70 0.12 
 0.74 0.72 0.21 
 0.57 0.82 0.20 
 0.68 0.83 0.05 
 0.92 1.07 0.16 
 1.04 0.45 0.25 
 1.17 0.69 0.42 
 0.76 1.04 0.72 
 0.85 0.28 0.06 
 0.61 0.51 0.04 
 0.51 0.34 0.24 
 0.51 0.20 0.13 
 0.37 0.33 0.30 
 0.46 1.07 0.58 
 0.25 1.58 0.71 
 1.18 0.26 0.11 
 1.47 0.48 0.79 
 0.26 0.54 0.45 
 0.72 0.52 0.24 
 0.77 0.83 0.04 
 0.75 0.65 0.48 
 0.62 0.45 0.10 
 1.16 0.41 0.30 
 0.64 0.25 0.97 
 0.86 0.71 0.12 
 0.49 0.80 0.04 
 0.83 0.98 0.42 
 1.05 1.11 0.19 
 1.18 0.38 0.04 
 1.11 0.60 0.23 
 1.02 0.58 0.30 
 0.69 0.53 0.28 
 0.62 0.44 0.10 
 0.67 0.47 0.11 
 0.67 0.30 0.00 
 0.38 0.34 0.22 
 0.40 0.97 0.54 
 0.50 1.47 0.57 
 0.69 0.77 0.10 
 1.67 0.59 0.44 
 0.62 0.39 0.14 
 0.57 0.33 0.22 
 0.84 0.41 0.06 
 0.59 1.03 0.42 
 0.55 0.58 0.54 
 0.67 0.56 0.26 
 0.79 0.33 0.07 
 0.84 0.47 0.28 
 0.81 0.68 0.24 
 0.65 0.75 0.22 
 0.70 0.97 0.40 
 0.88 1.11 0.59 
 1.11 0.31 0.31 
 1.17 0.34 0.07 
 1.10 1.32 0.06 
 0.76 0.42 0.12 
 0.60 0.29 0.08 
 0.57 0.41 0.09 
 0.65 0.29 0.18 
 0.41 0.22 0.18 
 0.48 0.81 0.50 
 0.58 1.59 0.77 
 0.48 0.91 0.26 
 1.08 0.13 0.28 
 0.78 0.66 0.35 
 0.36 0.61 0.07 
 0.89 0.42 0.04 
 0.83 1.04 0.01 
 0.61 0.63 0.35 
 0.57 0.69 0.02 
 0.88 0.38 0.16 
 0.98 0.61 0.06 
 0.72 0.75 0.20 
 0.61 0.83 0.23 
 0.45 0.69 0.25 
 0.82 0.66 0.30 
 1.03 0.63 0.70 
 1.15 0.47 0.19 
 1.17 0.71 0.36 
 0.70 1.29 0.90 
 0.77 0.53 0.05 
 0.53 0.40 0.09 
 0.59 0.39 0.03 
 0.65 0.21 0.10 
 0.38 0.45 0.29 
 0.46 0.97 0.55 
 0.41 1.39 0.34 
 1.01 0.99 0.30 
 1.75 0.71 0.55 
 0.46 0.28 0.20 
 0.83 0.45 0.16 
 0.73 0.52 0.07 
 0.79 0.63 0.13 
 0.41 0.83 0.18 
 0.52 0.71 0.20 
 0.79 0.47 0.12 
 0.82 0.58 0.10 
 0.65 0.72 0.24 
 0.71 0.72 0.26 
 0.58 0.85 0.30 
 0.85 0.95 0.43 
 0.96 0.58 0.62 
 1.01 0.26 0.23 
 0.92 0.97 0.26 
 0.83 0.81 0.02 
 0.76 0.38 0.08 
 0.51 0.40 0.24 
 0.54 0.43 0.13 
 0.52 0.25 0.19 
 0.26 0.47 0.26 
 0.48 1.57 0.47 
 0.33 1.08 0.58 
 1.08 0.53 0.04 
 1.25 1.11 0.56 
 0.24 0.47 0.08 
 0.83 0.69 0.23 
 0.78 0.93 0.07 
 0.76 0.58 0.34 
 0.51 0.36 0.62 
 0.73 0.50 0.07 
 0.86 0.32 0.27 
 0.74 0.57 0.47 
 0.64 0.78 0.21 
 0.50 1.00 0.21 
 0.78 1.05 0.45 
 1.20 0.56 0.67 
 1.21 0.27 0.03 
 1.19 1.06 0.23 
 0.64 1.12 0.89 
 0.57 0.45 0.20 
 0.55 0.31 0.10 
 0.63 0.40 0.09 
 0.48 0.18 0.17 
 0.40 0.54 0.34 
 0.59 1.30 0.69 
 0.30 1.44 0.27 
 0.93 0.51 0.02 
 1.60 0.62 1.01 
 0.40 0.72 0.07 
 0.73 0.40 0.11 
 0.87 1.02 0.17 
 0.65 0.51 0.59 
 0.43 0.70 0.20 
 0.73 0.62 0.15 
 0.83 0.25 0.23 
 0.72 0.54 0.46 
 0.72 0.73 0.29 
 0.60 0.93 0.23 
 0.60 0.65 0.26 
 0.95 1.07 0.37 
 1.05 0.57 0.11 
 1.14 0.30 0.33 
 1.12 0.87 0.28 
 0.96 0.53 0.11 
 0.67 0.47 0.06 
 0.59 0.47 0.02 
 0.66 0.20 0.11 
 0.51 0.29 0.24 
 0.47 0.73 0.36 
 0.44 1.58 0.59 
 0.25 1.01 0.29 
 1.32 0.01 0.46 
 1.06 0.89 0.19 
 0.30 0.35 0.06 
 0.88 0.34 0.14 
 0.68 0.80 0.04 
 0.70 0.74 0.39 
 0.48 0.61 0.42 
 1.01 0.45 0.34 
 0.87 0.77 0.36 
 0.78 0.73 0.05 
 0.55 0.71 0.07 
 0.48 0.90 0.26 
 0.90 0.83 0.46 
 0.97 0.93 0.52 
 1.21 0.18 0.08 
 1.20 0.52 0.33 
 0.77 1.02 0.95 
 0.54 0.45 0.20 
 0.52 0.39 0.05 
 0.56 0.50 0.11 
 0.58 0.24 0.17 
 0.42 0.56 0.37 
 0.33 0.96 0.52 
 0.74 1.51 0.60 
 1.55 0.29 0.07 
 0.61 0.27 0.26 
 0.40 0.27 0.02 
 1.13 1.17 0.15 
 0.48 0.74 0.15 
 0.61 0.44 0.98 
 0.62 0.46 0.02 
 1.02 0.21 0.01 
 0.52 0.56 0.57 
 0.68 0.64 0.33 
 0.53 0.87 0.13 
 0.56 0.86 0.31 
 0.89 1.17 0.35 
 1.26 0.45 0.08 
 1.15 0.51 0.27 
 1.07 1.18 0.46 
 0.68 0.11 0.07 
 0.53 0.42 0.08 
 0.61 0.47 0.01 
 0.65 0.26 0.11 
 0.47 0.36 0.27 
 0.45 0.89 0.46 
 0.43 1.34 0.51 
 0.29 0.99 0.37 
 1.23 0.24 0.31 
 1.11 1.20 0.17 
 0.30 0.27 0.06 
 1.01 0.52 0.29 
 0.83 0.90 0.23 
 0.74 0.83 0.41 
 0.61 0.61 0.25 
 0.67 0.53 0.03 
 0.85 0.37 0.10 
 0.80 0.54 0.30 
 0.72 0.76 0.28 
 0.75 1.07 0.34 
 0.75 0.65 0.57 
 0.88 0.86 0.68 
 0.88 0.82 0.51 
 1.30 0.41 0.14 
 1.08 0.81 0.11 
 0.85 0.70 0.11 
 0.66 0.57 0.15 
 0.50 0.54 0.00 
 0.54 0.36 0.14 
 0.42 0.19 0.22 
 0.30 0.78 0.52 
 0.50 1.71 0.94 
 1.14 0.11 0.50 
 0.98 1.06 0.14 
 0.74 0.64 0.04 
 0.65 0.50 0.14 
 0.68 1.22 0.76 
 0.40 0.80 0.37 
 0.71 0.55 0.11 
 0.82 0.50 0.39 
 0.83 0.58 0.04 
 0.67 0.68 0.20 
 0.76 0.63 0.47 
 0.64 0.84 0.29 
 0.89 0.92 0.76 
 1.03 0.71 0.58 
 0.75 0.50 0.50 
 1.19 0.90 0.28 
 0.78 0.76 0.06 
 0.62 0.32 0.08 
 0.52 0.60 0.01 
 0.73 0.23 0.15 
 0.39 0.35 0.25 
 0.39 0.85 0.55 
 0.47 0.88 0.71 
 0.35 0.59 0.26 
 1.05 0.22 0.19 
 1.21 1.71 0.36 
 0.43 0.58 0.15 
 0.74 1.13 0.41 
 0.83 0.89 0.40 
 0.42 0.56 0.28 
 0.65 0.50 0.01 
 0.73 0.41 0.19 
 0.78 0.50 0.17 
 0.71 0.75 0.29 
 0.77 0.65 0.25 
 1.05 1.22 0.43 
 1.09 0.52 0.60 
 0.82 0.13 0.69 
 0.67 0.72 0.69 
 1.09 0.79 0.24 
 0.71 0.43 0.01 
 0.59 0.40 0.12 
 0.66 0.56 0.04 
 0.68 0.22 0.24 
 0.53 0.56 0.28 
 0.53 0.65 0.42 
 0.52 0.96 0.32 
 0.43 1.09 0.36 
 0.83 0.55 0.10 
 1.55 1.03 0.82 
 0.50 0.65 0.40 
 0.64 0.82 0.07 
 1.08 0.48 0.40 
 0.57 0.70 0.44 
 0.69 0.63 0.07 
 0.93 0.22 0.11 
 0.81 0.47 0.21 
 0.72 0.68 0.18 
 0.75 0.66 0.24 
 0.71 0.87 0.22 
 0.97 1.19 0.41 
 0.94 0.47 0.72 
 0.95 0.38 0.13 
 1.10 0.69 0.33 
 1.20 1.06 0.16 
 0.86 0.51 0.09 
 0.51 0.33 0.14 
 0.65 0.40 0.09 
 0.44 0.12 0.13 
 0.42 0.40 0.28 
 0.61 1.12 0.71 
 0.46 1.25 0.43 
 0.66 0.54 0.28 
 1.27 0.63 0.20 
 0.79 0.70 0.17 
 0.49 0.35 0.07 
 0.88 0.47 0.58 
 0.78 0.87 0.14 
 0.57 0.75 0.58 
 0.71 0.52 0.00 
 0.96 0.33 0.01 
 0.78 0.45 0.42 
 0.79 0.76 0.18 
 0.66 0.75 0.32 
 0.64 0.94 0.15 
 0.90 0.98 0.45 
 1.16 0.46 0.54 
 0.73 0.45 0.74 
 0.97 0.85 0.08 
 0.83 0.40 0.53 
 0.64 0.43 0.09 
 0.57 0.50 0.06 
 0.68 0.39 0.15 
 0.58 0.20 0.16 
 0.38 0.49 0.38 
 0.38 1.15 0.64 
 0.41 1.18 0.44 
 0.80 0.75 0.26 
 1.55 0.53 0.49 
 0.53 0.59 0.04 
 0.39 0.31 0.21 
 0.89 0.32 0.14 
 0.85 0.91 0.55 
 0.59 0.64 0.46 
 0.56 0.60 0.05 
 0.87 0.23 0.07 
 0.85 0.49 0.10 
 0.72 0.67 0.36 
 0.77 0.73 0.23 
 0.65 1.27 0.29 
 0.92 1.16 0.62 
 0.99 0.78 0.56 
 1.09 0.30 0.01 
 1.17 0.40 0.33 
 0.80 0.82 0.26 
 0.85 0.54 0.08 
 0.55 0.44 0.06 
 0.60 0.41 0.13 
 0.59 0.25 0.10 
 0.33 0.37 0.25 
 0.33 0.86 0.55 
 0.42 1.39 0.60 
 0.61 0.71 0.21 
 1.59 0.19 0.56 
 0.58 0.49 0.00 
 0.56 0.33 0.04 
 0.93 0.43 0.13 
 0.60 0.63 0.81 
 0.48 0.82 0.29 
 0.50 0.67 0.17 
 0.89 0.27 0.01 
 0.78 0.42 0.23 
 0.70 0.68 0.30 
 0.72 0.71 0.20 
 0.54 0.91 0.19 
 0.74 0.92 0.57 
 0.95 0.86 0.72 
 0.95 0.21 0.09 
 1.08 0.72 0.16 
 1.01 0.99 0.19 
 0.71 0.54 0.20 
 0.53 0.50 0.11 
 0.56 0.42 0.09 
 0.63 0.29 0.19 
 0.40 0.38 0.23 
 0.40 0.70 0.43 
 0.39 1.40 0.63 
 0.29 0.90 0.38 
 1.44 0.05 0.09 
 0.88 1.10 0.03 
 0.32 0.40 0.22 
 1.04 0.47 0.19 
 0.77 1.07 0.29 
 0.78 0.79 0.25 
 0.50 0.75 0.14 
 0.74 0.47 0.00 
 0.89 0.30 0.14 
 0.79 0.26 0.63 
 0.74 0.72 0.30 
 0.62 1.04 0.26 
 0.82 0.99 0.27 
 1.00 0.98 0.52 
 0.99 0.40 0.04 
 1.13 0.55 0.18 
 0.82 0.91 0.00 
 0.73 0.54 0.12 
 0.51 0.41 0.10 
 0.56 0.35 0.09 
 0.61 0.21 0.14 
 0.38 0.25 0.21 
 0.32 0.92 0.56 
 0.49 1.50 0.83 
 0.87 0.51 0.12 
 1.61 1.01 0.35 
 0.46 0.68 0.21 
 0.75 0.03 0.13 
 0.89 0.42 0.19 
 0.75 1.27 0.49 
 0.62 0.76 0.19 
 0.81 0.50 0.03 
 0.91 0.35 0.22 
 0.80 0.61 0.36 
 0.74 0.73 0.31 
 0.57 0.93 0.17 
 0.71 0.81 0.32 
 0.86 1.07 0.67 
 1.16 0.66 0.02 
 1.26 0.40 0.23 
 0.69 1.27 0.22 
 0.53 0.40 0.16 
 0.67 0.39 0.04 
 0.58 0.49 0.11 
 0.66 0.30 0.13 
 0.42 0.31 0.21 
 0.38 0.67 0.44 
 0.34 1.50 0.52 
 0.30 1.00 0.37 
 1.54 0.02 0.32 
 0.76 0.98 0.06 
 0.44 0.50 0.11 
 0.91 0.61 0.39 
 0.91 0.98 0.10 
 0.53 0.63 0.74 
 0.36 0.59 0.17 
 0.79 0.45 0.15 
 0.81 0.56 0.20 
 0.81 0.49 0.41 
 0.82 0.66 0.23 
 0.58 0.80 0.08 
 0.79 0.97 0.25 
 1.10 0.61 0.65 
 0.97 0.27 0.02 
 1.14 0.47 0.26 
 0.97 0.82 0.37 
 0.77 0.47 0.07 
 0.56 0.45 0.01 
 0.72 0.36 0.06 
 0.65 0.31 0.06 
 0.30 0.42 0.23 
 0.29 0.95 0.53 
 0.48 1.25 0.53 
 0.69 0.71 0.24 
 1.50 0.63 0.60 
 0.58 0.79 0.10 
 0.47 0.53 0.23 
 0.85 0.70 0.06 
 0.91 1.34 0.23 
 0.54 0.51 0.94 
 0.59 0.67 0.08 
 0.83 0.40 0.04 
 0.75 0.56 0.09 
 0.74 0.62 0.35 
 0.80 0.68 0.25 
 0.56 0.89 0.30 
 0.87 0.55 0.08 
 0.91 1.26 0.53 
 1.37 0.44 0.02 
 1.23 0.49 0.32 
 0.52 1.25 0.23 
 0.61 0.67 0.26 
 0.65 0.44 0.04 
 0.52 0.41 0.09 
 0.68 0.27 0.12 
 0.37 0.35 0.29 
 0.37 0.88 0.43 
 0.38 1.62 0.46 
 0.60 0.89 0.26 
 1.33 0.33 0.24 
 0.65 0.81 0.03 
 0.43 0.44 0.03 
 0.81 0.67 0.04 
 0.81 1.42 0.16 
 0.45 0.65 0.73 
 0.60 0.68 0.04 
 0.90 0.38 0.29 
 0.86 0.50 0.11 
 0.77 0.70 0.36 
 0.76 0.72 0.31 
 0.55 1.09 0.21 
 0.89 0.98 0.56 
 1.33 0.49 0.33 
 0.67 0.29 0.06 
 0.95 1.03 0.33 
 0.87 0.49 0.38 
 0.62 0.27 0.05 
 0.54 0.47 0.10 
 0.66 0.28 0.16 
 0.51 0.32 0.16 
 0.37 0.58 0.45 
 0.43 1.12 0.67 
 0.41 1.09 0.26 
 0.94 0.47 0.24 
 1.74 0.61 1.34 
 0.37 0.60 0.06 
 0.73 0.19 0.54 
 0.92 0.66 0.21 
 0.65 0.88 0.39 
 0.63 0.64 0.52 
 0.64 0.55 0.17 
 0.84 0.39 0.02 
 0.76 0.58 0.19 
 0.80 0.58 0.21 
 0.80 0.68 0.29 
 0.67 0.81 0.39 
 0.71 0.46 0.18 
 0.75 0.94 0.50 
 0.92 0.74 0.40 
 0.98 0.41 0.17 
 0.82 1.62 0.06 
 0.80 0.42 0.27 
 0.63 0.34 0.06 
 0.54 0.53 0.10 
 0.69 0.36 0.16 
 0.58 0.26 0.17 
 0.64 1.07 0.23 
 0.71 1.05 0.22 
 0.76 1.03 0.24 
 1.04 0.69 0.43 
 1.60 0.90 0.68 
 0.51 0.42 0.04 
 0.81 0.12 0.05 
 0.94 0.65 0.02 
 0.45 1.05 0.50 
 0.74 0.97 0.37 
 0.70 0.49 0.04 
 0.76 0.33 0.21 
 0.86 0.55 0.21 
 0.79 0.59 0.35 
 0.70 0.84 0.20 
 0.61 0.75 0.20 
 0.86 0.93 0.43 
 1.08 0.81 0.47 
 0.99 0.02 0.25 
 0.96 0.56 0.08 
 1.05 0.71 0.41 
 0.80 0.57 0.06 
 0.51 0.37 0.16 
 0.56 0.46 0.12 
 0.56 0.28 0.11 
 0.39 0.42 0.24 
 0.38 0.88 0.52 
 0.43 1.41 0.45 
 0.73 0.93 0.27 
 1.26 0.73 0.51 
 0.69 0.59 0.13 
 0.41 0.17 0.30 
 0.93 0.47 0.29 
 0.77 1.11 0.54 
 0.39 0.63 0.64 
 0.64 0.75 0.23 
 0.76 0.44 0.04 
 0.84 0.46 0.03 
 0.79 0.56 0.43 
 0.77 0.73 0.26 
 0.63 0.77 0.23 
 0.61 0.94 0.01 
 1.09 0.56 0.68 
 1.02 0.38 0.08 
 0.53 0.79 0.24 
 0.75 1.21 0.08 
 0.76 0.46 0.18 
 0.60 0.36 0.13 
 0.63 0.49 0.11 
 0.61 0.47 0.15 
 0.43 0.35 0.23 
 0.35 0.68 0.34 
 0.26 1.12 0.43 
 0.38 1.16 0.42 
 1.14 0.59 0.34 
 1.45 1.31 0.98 
 0.31 0.58 0.35 
 0.83 0.08 0.72 
 0.92 0.98 0.18 
 0.55 0.76 0.62 
 0.55 0.85 0.19 
 0.63 0.63 0.04 
 0.86 0.51 0.01 
 0.85 0.54 0.18 
 0.73 0.65 0.30 
 0.61 0.74 0.27 
 0.58 0.88 0.24 
 0.85 0.87 0.30 
 1.19 0.69 0.44 
 1.08 0.07 0.01 
 0.93 1.05 0.02 
 0.98 0.76 0.09 
 0.67 0.75 0.05 
 0.41 0.39 0.13 
 0.56 0.39 0.09 
 0.59 0.26 0.16 
 0.33 0.49 0.31 
 0.39 1.27 0.46 
 0.36 1.22 0.33 
 1.38 0.59 0.63 
 0.94 0.85 0.35 
 0.35 0.34 0.10 
 0.98 0.31 0.02 
 0.87 1.05 0.02 
 0.39 0.60 0.87 
 0.51 0.79 0.06 
 0.78 0.49 0.07 
 0.86 0.39 0.28 
 0.76 0.69 0.23 
 0.65 0.76 0.04 
 0.68 0.83 0.29 
 0.81 1.04 0.17 
 0.97 0.71 0.59 
 0.90 0.44 0.15 
 1.00 0.55 0.15 
 0.92 1.14 0.18 
 0.65 0.50 0.13 
 0.54 0.44 0.11 
 0.55 0.59 0.16 
 0.58 0.30 0.16 
 0.49 0.40 0.19 
 0.38 0.78 0.37 
 0.43 1.24 0.37 
 0.28 1.03 0.43 
 1.20 0.76 0.05 
 1.50 0.95 0.98 
 0.30 0.74 0.72 
 0.71 0.53 0.26 
 0.89 0.94 0.20 
 0.72 0.59 1.02 
 0.55 0.67 0.46 
 0.72 0.64 0.04 
 0.91 0.42 0.01 
 0.90 0.58 0.16 
 0.72 0.68 0.21 
 0.74 0.61 0.24 
 0.58 0.85 0.24 
 0.96 0.78 0.40 
 0.96 0.45 0.50 
 0.99 0.26 0.03 
 0.96 0.60 0.37 
 0.55 1.08 0.07 
 0.70 0.48 0.09 
 0.58 0.64 0.17 
 0.61 0.43 0.14 
 0.63 0.30 0.19 
 0.39 0.50 0.21 
 0.35 0.80 0.29 
 0.48 1.47 0.50 
 0.30 0.86 0.39 
 1.04 0.39 0.10 
 1.27 1.10 0.79 
 0.36 0.62 0.14 
 0.71 0.79 0.00 
 0.71 1.06 0.13 
 0.66 0.72 0.50 
 0.40 0.81 0.41 
 0.69 0.64 0.07 
 0.82 0.27 0.18 
 0.71 0.55 0.26 
 0.76 0.68 0.21 
 0.69 0.69 0.32 
 0.58 0.82 0.23 
 0.75 1.19 0.30 
 1.13 0.59 0.63 
 0.65 0.36 0.29 
 1.01 0.89 0.23 
 0.76 0.69 0.02 
 0.63 0.40 0.08 
 0.47 0.50 0.01 
 0.67 0.39 0.10 
 0.57 0.27 0.18 
 0.36 0.43 0.30 
 0.43 0.94 0.65 
 0.35 1.45 0.46 
 0.52 0.78 0.15 
 1.52 0.24 0.80 
 0.63 0.83 0.10 
 0.53 0.24 0.08 
 0.78 0.71 0.57 
 0.79 0.54 0.72 
 0.52 0.57 0.40 
 0.46 0.83 0.21 
 0.99 0.34 0.08 
 0.81 0.53 0.22 
 0.69 0.85 0.30 
 0.74 0.71 0.23 
 0.53 0.79 0.26 
 0.79 1.13 0.22 
 1.17 0.60 0.76 
 1.31 0.27 0.15 
 1.15 0.66 0.44 
 0.92 0.86 0.18 
 0.62 0.53 0.10 
 0.48 0.42 0.11 
 0.62 0.39 0.08 
 0.60 0.25 0.15 
 0.37 0.44 0.26 
 0.39 0.79 0.51 
 0.31 1.44 0.54 
 0.37 0.98 0.43 
 1.27 0.20 0.28 
 0.82 1.12 0.27 
 0.38 0.14 0.21 
 0.90 0.72 0.35 
 0.80 0.99 0.36 
 0.61 0.81 0.39 
 0.66 0.71 0.23 
 0.74 0.40 0.04 
 0.90 0.33 0.06 
 0.85 0.59 0.15 
 0.77 0.81 0.31 
 0.62 0.84 0.29 
 1.05 0.90 0.33 
 1.03 0.60 0.70 
 0.98 0.39 0.13 
 1.17 0.79 0.20 
 1.09 0.71 0.56 
 0.64 0.55 0.00 
 0.43 0.35 0.09 
 0.61 0.43 0.15 
 0.58 0.17 0.12 
 0.37 0.40 0.31 
 0.34 1.22 0.64 
 0.46 1.19 0.51 
 1.40 0.60 0.35 
 1.06 0.89 0.21 
 0.26 0.30 0.25 
 0.82 0.36 0.02 
 0.72 0.97 0.13 
 0.67 0.85 0.04 
 0.60 0.79 0.22 
 0.89 0.56 0.23 
 0.86 0.32 0.29 
 0.67 0.61 0.35 
 0.51 0.98 0.34 
 0.67 0.82 0.51 
 1.16 0.52 0.64 
 1.26 0.25 0.06 
 0.90 1.03 0.04 
 0.76 0.65 0.44 
 0.58 0.43 0.14 
 0.60 0.50 0.10 
 0.55 0.41 0.12 
 0.58 0.36 0.15 
 0.28 0.77 0.25 
 0.43 0.94 0.35 
 0.50 1.28 0.57 
 0.50 0.86 0.22 
 1.03 0.33 0.59 
 0.95 0.79 0.05 
 0.31 0.35 0.02 
 0.95 0.70 0.44 
 0.75 0.43 0.54 
 0.65 0.65 0.29 
 0.34 0.72 0.09 
 0.76 0.49 0.32 
 0.88 0.41 0.23 
 0.79 0.73 0.18 
 0.66 0.73 0.26 
 0.52 0.72 0.08 
 0.97 0.85 0.58 
 1.18 0.40 0.46 
 0.83 0.45 0.19 
 1.18 0.58 0.53 
 0.69 0.74 0.13 
 0.43 0.37 0.08 
 0.64 0.55 0.06 
 0.68 0.27 0.20 
 0.54 0.28 0.21 
 0.49 0.58 0.41 
 0.51 0.90 0.56 
 0.46 1.11 0.43 
 0.62 0.88 0.25 
 1.47 0.15 0.61 
 0.71 0.82 0.26 
 0.44 0.35 0.21 
 1.07 1.07 0.46 
 0.71 0.27 0.58 
 0.66 0.95 0.04 
 0.53 0.81 0.20 
 0.75 0.58 0.00 
 0.87 0.47 0.29 
 0.73 0.63 0.26 
 0.63 0.81 0.34 
 0.54 0.86 0.18 
 0.92 1.17 0.72 
 1.04 0.64 0.71 
 1.00 0.38 0.36 
 1.07 0.45 0.50 
 0.77 1.18 0.11 
 0.72 0.49 0.21 
 0.63 0.56 0.18 
 0.56 0.51 0.10 
 0.53 0.33 0.16 
 0.42 0.40 0.19 
 0.35 0.78 0.41 
 0.40 1.44 0.55 
 0.29 0.88 0.39 
 1.22 0.22 0.26 
 1.18 1.13 0.25 
 0.37 0.02 0.17 
 0.84 0.37 0.34 
 0.70 0.88 0.64 
 0.80 0.74 0.12 
 0.59 0.52 0.31 
 0.86 0.58 0.10 
 1.03 0.26 0.36 
 0.64 0.55 0.53 
 0.63 0.77 0.32 
 0.67 1.03 0.39 
 0.83 1.05 0.39 
 0.98 0.83 0.70 
 1.15 0.22 0.08 
 1.14 0.70 0.01 
 1.02 0.70 0.42 
 0.87 0.65 0.05 
 0.49 0.42 0.10 
 0.57 0.40 0.04 
 0.58 0.26 0.16 
 0.45 0.42 0.28 
 0.47 0.94 0.52 
 0.45 1.36 0.57 
 0.32 0.75 0.31 
 1.50 0.16 0.43 
 0.84 0.75 0.27 
 0.30 0.25 0.14 
 0.91 0.40 0.26 
 0.66 0.81 0.70 
 0.71 0.86 0.19 
 0.61 0.65 0.10 
 0.83 0.60 0.17 
 0.90 0.42 0.27 
 0.70 0.58 0.63 
 0.65 0.86 0.22 
 0.56 0.67 0.26 
 1.10 0.59 0.41 
 1.10 0.45 0.50 
 0.96 0.28 0.08 
 1.15 0.70 0.17 
 0.98 0.46 0.58 
 0.68 0.54 0.23 
 0.57 0.31 0.24 
 0.58 0.49 0.10 
 0.54 0.25 0.16 
 0.42 0.61 0.33 
 0.27 1.10 0.53 
 0.39 1.32 0.42 
 1.12 0.76 0.16 
 1.56 0.84 0.87 
 0.14 0.43 0.21 
 0.91 0.50 0.35 
 0.67 0.97 0.05 
 0.77 0.60 0.20 
 0.57 0.60 0.52 
 0.63 0.60 0.06 
 0.87 0.40 0.06 
 0.83 0.59 0.18 
 0.68 0.70 0.35 
 0.55 0.81 0.30 
 0.63 1.00 0.33 
 0.97 0.98 0.47 
 1.18 0.44 0.00 
 1.07 0.83 0.07 
 0.52 1.37 0.38 
 0.81 0.59 0.03 
 0.51 0.50 0.11 
 0.61 0.50 0.10 
 0.62 0.29 0.13 
 0.43 0.37 0.25 
 0.50 0.76 0.44 
 0.40 1.36 0.56 
 0.20 0.99 0.42 
 1.14 0.62 0.00 
 1.27 1.51 0.31 
 0.30 0.00 0.03 
 0.95 0.50 0.14 
 0.96 0.62 0.31 
 0.62 1.03 0.14 
 0.54 0.63 0.20 
 0.79 0.44 0.12 
 0.90 0.53 0.16 
 0.71 0.55 0.14 
 0.71 0.73 0.30 
 0.46 0.74 0.18 
 0.56 0.74 0.76 
 0.94 0.84 0.51 
 1.16 0.68 0.20 
 1.24 0.63 0.34 
 0.81 1.18 0.17 
 0.73 0.55 0.12 
 0.56 0.62 0.07 
 0.53 0.53 0.11 
 0.55 0.21 0.22 
 0.39 0.33 0.24 
 0.29 0.66 0.57 
 0.39 1.60 0.64 
 0.40 0.89 0.20 
 1.39 0.18 0.57 
 0.75 1.07 0.07 
 0.13 0.25 0.25 
 0.81 0.98 0.38 
 0.72 0.54 0.65 
 0.67 0.66 0.21 
 0.63 0.62 0.23 
 0.74 0.55 0.02 
 0.84 0.35 0.19 
 0.79 0.36 0.89 
 0.47 0.80 0.36 
 0.61 1.11 0.36 
 0.82 1.10 0.87 
 1.23 0.34 0.30 
 1.38 0.31 0.20 
 0.98 1.07 0.08 
 0.70 0.44 0.26 
 0.56 0.31 0.05 
 0.61 0.49 0.13 
 0.66 0.21 0.10 
 0.46 0.26 0.16 
 0.45 0.74 0.49 
 0.36 1.47 0.44 
 0.57 1.21 0.32 
 1.48 0.35 0.80 
 0.58 0.68 0.13 
 0.40 0.20 0.03 
 1.19 0.77 0.10 
 0.76 0.63 0.33 
 0.48 0.64 0.62 
 0.48 0.71 0.34 
 0.98 0.46 0.37 
 0.68 0.47 0.14 
 0.75 0.69 0.06 
 0.63 0.82 0.22 
 0.37 0.81 0.31 
 1.04 0.93 0.43 
 1.09 0.46 0.22 
 1.06 0.33 0.14 
 1.26 0.98 0.10 
 0.82 0.30 0.36 
 0.46 0.55 0.10 
 0.49 0.37 0.09 
 0.65 0.26 0.03 
 0.55 0.22 0.19 
 0.38 0.64 0.41 
 0.44 1.52 0.66 
 0.32 0.99 0.43 
 1.07 0.24 0.08 
 1.28 0.99 0.07 
 0.21 0.13 0.14 
 0.86 0.54 0.11 
 0.82 0.87 0.28 
 0.55 0.75 0.42 
 0.50 0.70 0.29 
 0.78 0.50 0.12 
 0.86 0.27 0.32 
 0.73 0.50 0.57 
 0.65 0.74 0.31 
 0.64 0.77 0.27 
 0.75 1.08 0.15 
 1.17 0.79 0.65 
 1.04 0.22 0.10 
 0.96 0.73 0.29 
 0.96 0.95 0.04 
 0.80 0.46 0.09 
 0.57 0.65 0.04 
 0.54 0.53 0.08 
 0.64 0.24 0.17 
 0.46 0.46 0.26 
 0.41 0.73 0.36 
 0.49 1.38 0.51 
 0.30 1.05 0.41 
 0.88 0.49 0.12 
 1.66 0.96 0.98 
 0.34 0.73 1.11 
 0.75 0.39 0.24 
 0.75 0.93 0.04 
 0.65 0.71 0.30 
 0.53 0.59 0.36 
 0.77 0.53 0.01 
 0.92 0.26 0.17 
 0.72 0.77 0.23 
 0.65 0.59 0.19 
 0.63 0.80 0.22 
 0.58 1.08 0.11 
 1.14 0.62 0.54 
 1.09 0.31 0.21 
 1.03 0.39 0.18 
 1.14 0.82 0.34 
 0.79 0.55 0.15 
 0.54 0.49 0.09 
 0.59 0.56 0.06 
 0.55 0.26 0.19 
 0.47 0.37 0.16 
 0.38 0.71 0.49 
 0.45 1.42 0.24 
 0.66 1.08 0.33 
 1.41 0.32 0.50 
 0.60 0.61 0.08 
 0.47 0.43 0.21 
 1.08 0.55 0.12 
 0.84 0.65 0.34 
 0.43 1.04 0.04 
 0.53 0.71 0.20 
 0.74 0.55 0.19 
 0.78 0.56 0.00 
 0.68 0.70 0.39 
 0.73 0.75 0.31 
 0.54 0.81 0.35 
 0.75 0.64 0.51 
 1.37 0.52 0.51 
 1.16 0.41 0.64 
 1.08 0.71 0.22 
 0.53 0.42 0.14 
 0.62 0.41 0.20 
 0.62 0.49 0.14 
 0.65 0.40 0.23 
 0.59 0.54 0.09 
 0.42 0.71 0.20 
 0.39 1.01 0.20 
 0.48 1.13 0.37 
 0.51 0.67 0.43 
 1.28 0.49 0.36 
 1.03 0.53 0.28 
 0.46 0.68 0.71 
 0.88 0.97 0.02 
 0.89 0.55 0.18 
 0.55 0.76 0.41 
 0.58 0.66 0.19 
 0.77 0.54 0.01 
 0.87 0.37 0.18 
 0.64 0.76 0.57 
 0.74 0.94 0.32 
 0.51 0.89 0.33 
 1.03 0.68 0.68 
 1.10 0.20 0.54 
 1.36 0.44 0.18 
 1.04 1.00 0.15 
 0.58 0.84 0.35 
 0.63 0.25 0.04 
 0.51 0.47 0.10 
 0.44 0.31 0.08 
 0.35 0.26 0.11 
 0.50 0.92 0.79 
 0.25 1.96 0.53 
 1.20 0.25 0.31 
 1.21 0.45 1.07 
 0.26 0.76 0.60 
 0.92 0.40 0.15 
 0.89 0.77 0.15 
 0.57 0.53 0.39 
 0.66 0.77 0.19 
 0.74 0.48 0.08 
 0.96 0.21 0.05 
 0.70 0.58 0.50 
 0.61 0.77 0.17 
 0.72 0.98 0.32 
 0.75 0.80 0.63 
 1.26 0.48 0.71 
 0.91 0.19 0.32 
 1.13 1.24 0.20 
 1.14 0.69 0.52 
 0.63 0.38 0.02 
 0.49 0.26 0.13 
 0.55 0.37 0.13 
 0.47 0.21 0.15 
 0.34 0.46 0.46 
 0.39 1.55 0.82 
 0.25 0.99 0.45 
 1.32 0.13 0.25 
 0.83 1.08 0.05 
 0.42 0.72 0.28 
 0.95 0.41 0.18 
 0.81 1.00 0.02 
 0.57 0.69 0.39 
 0.51 0.73 0.09 
 0.78 0.37 0.15 
 0.85 0.55 0.08 
 0.77 0.73 0.26 
 0.65 0.76 0.19 
 0.66 0.85 0.03 
 0.84 0.96 0.75 
 1.20 0.34 0.74 
 1.04 0.22 0.12 
 1.11 1.05 0.14 
 0.99 0.44 0.37 
 0.51 0.52 0.11 
 0.57 0.35 0.07 
 0.52 0.30 0.15 
 0.47 0.22 0.16 
 0.32 0.58 0.50 
 0.33 1.62 0.67 
 0.59 1.10 0.12 
 1.38 0.27 0.77 
 0.45 0.92 0.05 
 0.44 0.72 0.19 
 0.85 0.24 0.22 
 0.67 1.24 0.20 
 0.51 0.57 0.74 
 0.56 0.68 0.03 
 0.96 0.18 0.11 
 0.77 0.59 0.26 
 0.72 0.80 0.39 
 0.63 0.80 0.26 
 0.56 0.71 0.10 
 0.80 1.20 0.44 
 1.23 0.69 0.04 
 1.30 0.55 0.20 
 1.09 0.98 0.08 
 0.72 0.47 0.04 
 0.63 0.34 0.12 
 0.60 0.57 0.08 
 0.64 0.19 0.11 
 0.39 0.35 0.22 
 0.40 0.83 0.36 
 0.48 1.47 0.67 
 0.20 0.98 0.36 
 1.24 0.09 0.28 
 1.21 0.74 1.38 
 0.28 0.61 0.04 
 0.76 0.61 0.53 
 0.91 0.38 0.11 
 0.72 0.75 0.48 
 0.42 0.69 0.44 
 0.69 0.50 0.18 
 0.95 0.24 0.00 
 0.75 0.62 0.13 
 0.74 0.67 0.36 
 0.66 0.82 0.25 
 0.65 0.83 0.56 
 0.85 1.05 0.98 
 1.08 0.82 0.19 
 1.24 0.56 0.10 
 0.96 0.98 0.05 
 0.93 0.59 0.12 
 0.70 0.31 0.05 
 0.55 0.58 0.09 
 0.59 0.24 0.15 
 0.55 0.28 0.12 
 0.34 0.58 0.44 
 0.59 1.44 0.78 
 0.31 1.08 0.40 
 0.82 0.57 0.19 
 1.65 0.68 1.25 
 0.50 0.68 0.13 
 0.75 0.24 0.40 
 0.77 0.71 0.27 
 0.80 0.76 0.29 
 0.55 0.80 0.48 
 0.73 0.63 0.09 
 0.85 0.40 0.01 
 0.85 0.49 0.14 
 0.72 0.81 0.30 
 0.60 0.80 0.29 
 0.79 1.06 0.23 
 0.85 1.11 0.47 
 1.12 0.65 0.18 
 1.05 0.49 0.48 
 1.13 1.09 0.10 
 0.80 0.59 0.28 
 0.64 0.51 0.03 
 0.57 0.56 0.04 
 0.62 0.20 0.12 
 0.46 0.28 0.19 
 0.40 0.70 0.51 
 0.52 1.74 0.70 
 0.64 0.80 0.39 
 1.18 0.45 0.35 
 0.81 0.74 0.13 
 0.37 0.32 0.51 
 0.83 0.52 0.07 
 0.89 0.81 0.27 
 0.46 0.71 0.56 
 0.70 0.48 0.17 
 0.82 0.42 0.14 
 0.80 0.24 0.18 
 0.76 0.67 0.43 
 0.62 0.82 0.35 
 0.52 0.83 0.14 
 0.88 0.86 0.77 
 0.94 0.57 0.82 
 1.25 0.58 0.11 
 1.14 0.76 0.25 
 0.67 1.08 0.18 
 0.63 0.64 0.20 
 0.54 0.46 0.03 
 0.61 0.37 0.11 
 0.65 0.21 0.11 
 0.37 0.45 0.36 
 0.50 1.16 0.73 
 0.35 1.26 0.17 
 1.05 0.86 0.60 
 1.67 0.76 0.97 
 0.24 0.54 0.22 
 0.63 0.23 0.24 
 0.97 0.74 0.22 
 0.75 0.63 0.75 
 0.53 0.68 0.28 
 0.73 0.63 0.00 
 0.84 0.42 0.11 
 0.80 0.47 0.24 
 0.72 0.66 0.40 
 0.71 0.78 0.52 
 0.61 0.91 0.31 
 0.94 1.19 0.91 
 1.29 0.68 0.24 
 0.63 0.65 0.11 
 0.61 1.31 0.11 
 0.71 0.56 0.14 
 0.63 0.37 0.08 
 0.50 0.32 0.10 
 0.58 0.22 0.09 
 0.49 0.25 0.17 
 0.37 0.84 0.62 
 0.53 1.67 0.72 
 0.94 0.86 0.14 
 1.23 0.31 0.97 
 0.26 0.36 0.47 
 0.72 0.85 0.40 
 0.78 0.93 0.62 
 0.64 0.90 0.05 
 0.78 0.71 0.24 
 0.82 0.44 0.17 
 0.94 0.11 0.18 
 0.68 0.42 0.69 
 0.60 0.86 0.54 
 0.48 0.96 0.59 
 0.91 1.29 0.42 
 1.19 0.36 0.57 
 1.23 0.31 0.24 
 1.01 1.00 0.03 
 0.85 0.46 0.07 
 0.63 0.21 0.11 
 0.59 0.47 0.07 
 0.64 0.22 0.07 
 0.46 0.29 0.19 
 0.44 0.84 0.62 
 0.48 1.58 0.65 
 0.62 1.03 0.31 
 1.65 0.71 0.69 
 0.68 0.45 0.14 
 0.49 0.00 0.53 
 0.96 0.42 0.05 
 0.61 0.89 0.50 
 0.47 0.79 0.11 
 0.67 0.51 0.29 
 0.89 0.31 0.24 
 0.66 0.52 0.77 
 0.63 0.71 0.38 
 0.51 0.84 0.27 
 0.90 0.69 0.45 
 1.02 1.05 0.78 
 1.14 0.24 0.19 
 1.28 0.46 0.28 
 0.65 0.91 0.00 
 0.63 0.52 0.14 
 0.60 0.33 0.13 
 0.48 0.46 0.11 
 0.53 0.24 0.11 
 0.44 0.37 0.30 
 0.37 0.91 0.67 
 0.57 1.62 0.64 
 0.92 0.71 0.05 
 1.95 0.12 0.79 
 0.46 0.46 0.05 
 0.54 0.48 0.13 
 1.09 1.07 0.11 
 0.81 0.51 0.28 
 0.54 0.60 0.41 
 0.69 0.61 0.07 
 0.82 0.23 0.16 
 0.75 0.61 0.33 
 0.75 0.78 0.38 
 0.46 1.02 0.44 
 0.90 0.81 0.49 
 1.02 0.90 0.60 
 1.11 0.56 0.23 
 1.21 0.82 0.34 
 0.91 0.59 0.15 
 0.66 0.23 0.01 
 0.54 0.49 0.06 
 0.57 0.26 0.08 
 0.53 0.18 0.10 
 0.38 0.62 0.34 
 0.42 1.52 0.68 
 0.14 1.09 0.31 
 1.30 0.25 0.36 
 1.19 1.21 0.09 
 0.27 0.09 0.15 
 1.03 0.66 0.45 
 0.95 0.83 0.34 
 0.57 0.68 0.31 
 0.35 0.90 0.13 
 1.02 0.39 0.07 
 0.79 0.49 0.12 
 0.78 0.76 0.03 
 0.56 0.86 0.21 
 0.44 0.49 0.17 
 0.95 0.84 0.30 
 0.97 0.61 0.77 
 1.00 0.28 0.48 
 1.34 0.67 0.40 
 0.17 1.10 0.11 
 0.85 0.30 0.10 
 0.53 0.37 0.05 
 0.55 0.34 0.09 
 0.58 0.17 0.12 
 0.42 0.49 0.33 
 0.57 1.28 0.65 
 0.38 1.15 0.29 
 0.91 0.83 0.30 
 2.00 0.67 1.03 
 0.31 0.59 0.92 
 0.75 0.28 0.19 
 0.88 1.00 0.14 
 0.74 0.62 0.52 
 0.57 0.67 0.36 
 0.70 0.56 0.01 
 0.93 0.23 0.03 
 0.72 0.34 0.81 
 0.69 0.78 0.23 
 0.55 1.07 0.12 
 0.69 0.78 0.40 
 1.12 1.06 0.43 
 1.38 0.32 0.60 
 1.17 0.51 0.35 
 0.82 1.34 0.75 
 0.54 0.47 0.15 
 0.52 0.46 0.09 
 0.53 0.53 0.00 
 0.58 0.14 0.07 
 0.36 0.34 0.27 
 0.41 1.17 0.72 
 0.37 1.38 0.49 
 1.25 0.85 0.09 
 1.27 0.51 0.60 
 0.28 0.57 0.09 
 0.87 0.50 0.07 
 0.97 0.82 0.00 
 0.71 0.74 0.42 
 0.55 0.75 0.33 
 0.75 0.52 0.19 
 0.78 0.36 0.06 
 0.75 0.55 0.60 
 0.63 0.80 0.34 
 0.48 1.08 0.36 
 0.91 0.92 0.61 
 1.09 0.56 0.55 
 1.37 0.51 0.18 
 1.18 0.83 0.21 
 0.76 0.77 0.59 
 0.57 0.64 0.12 
 0.56 0.36 0.02 
 0.58 0.34 0.03 
 0.59 0.14 0.13 
 0.38 0.40 0.35 
 0.46 1.22 0.70 
 0.37 1.42 0.40 
 0.89 0.78 0.09 
 2.00 0.60 1.28 
 0.04 0.55 0.19 
 0.78 0.49 0.55 
 0.83 0.69 0.23 
 0.68 0.73 0.38 
 0.60 0.77 0.34 
 0.72 0.50 0.17 
 0.90 0.11 0.16 
 0.74 0.58 0.25 
 0.74 0.70 0.38 
 0.53 0.94 0.08 
 0.78 0.95 0.42 
 0.68 1.04 0.99 
 1.13 0.57 0.11 
 1.20 0.22 0.22 
 1.09 1.12 0.03 
 0.51 0.45 0.22 
 0.53 0.49 0.09 
 0.64 0.48 0.15 
 0.66 0.26 0.11 
 0.39 0.31 0.19 
 0.36 0.64 0.55 
 0.43 1.75 0.75 
 0.29 1.02 0.30 
 1.46 0.28 0.26 
 0.91 0.82 0.37 
 0.42 0.32 0.21 
 0.82 0.75 0.24 
 0.92 0.82 0.27 
 0.54 0.72 0.32 
 0.48 0.62 0.38 
 0.97 0.37 0.33 
 0.76 0.60 0.24 
 0.74 0.83 0.19 
 0.57 0.85 0.05 
 0.58 0.63 0.54 
 0.89 0.95 0.75 
 1.17 0.44 0.62 
 0.88 0.63 0.01 
 1.35 0.62 0.36 
 0.54 0.60 0.81 
 0.60 0.44 0.05 
 0.51 0.35 0.13 
 0.64 0.22 0.20 
 0.48 0.26 0.13 
 0.42 0.74 0.48 
 0.47 1.55 0.49 
 0.35 1.07 0.40 
 1.16 0.03 0.24 
 1.07 0.82 0.29 
 0.38 0.31 0.04 
 0.92 0.34 0.21 
 0.73 0.79 0.15 
 0.56 0.92 0.24 
 0.45 0.69 0.01 
 0.78 0.57 0.01 
 0.86 0.32 0.10 
 0.79 0.47 0.67 
 0.55 0.90 0.42 
 0.59 1.19 0.39 
 1.01 0.83 0.59 
 1.31 0.58 0.64 
 1.11 0.33 0.12 
 1.08 0.74 0.01 
 0.68 0.49 0.12 
 0.71 0.44 0.01 
 0.54 0.52 0.19 
 0.56 0.35 0.18 
 0.48 0.36 0.21 
 0.40 0.62 0.47 
 0.44 1.11 0.58 
 0.29 1.23 0.37 
 1.03 0.75 0.21 
 2.00 0.63 0.81 
 0.14 0.80 0.64 
 0.68 0.52 0.03 
 0.90 0.53 0.30 
 0.60 0.81 0.44 
 0.52 0.60 0.40 
 0.73 0.51 0.07 
 0.89 0.31 0.22 
 0.71 0.43 0.69 
 0.71 0.76 0.31 
 0.51 0.73 0.14 
 0.75 0.51 0.28 
 0.91 1.19 0.46 
 1.05 0.64 0.08 
 1.37 0.38 0.15 
 1.14 1.22 0.15 
 0.80 0.35 0.19 
 0.59 0.41 0.04 
 0.59 0.54 0.04 
 0.68 0.17 0.16 
 0.37 0.20 0.20 
 0.33 0.77 0.58 
 0.47 1.28 0.63 
 0.43 1.01 0.37 
 1.19 0.22 0.12 
 1.02 1.15 0.05 
 0.23 0.43 0.11 
 0.96 0.31 0.05 
 0.91 0.95 0.26 
 0.52 0.84 0.22 
 0.41 0.85 0.17 
 0.97 0.42 0.17 
 0.79 0.48 0.13 
 0.77 0.83 0.18 
 0.59 0.68 0.28 
 0.51 0.81 0.03 
 0.89 1.09 0.65 
 1.24 0.40 0.46 
 0.70 0.38 0.35 
 1.12 1.27 0.02 
 0.82 0.38 0.12 
 0.60 0.41 0.06 
 0.48 0.41 0.03 
 0.53 0.04 0.05 
 0.41 0.15 0.17 
 0.54 0.97 0.65 
 0.42 1.82 0.58 
 0.94 0.79 0.33 
 1.90 0.16 0.84 
 0.22 0.59 0.12 
 0.65 0.64 0.50 
 0.93 0.48 0.66 
 0.41 0.77 0.59 
 0.56 0.69 0.58 
 0.79 0.49 0.08 
 0.83 0.38 0.24 
 0.75 0.72 0.15 
 0.64 0.65 0.34 
 0.60 1.00 0.32 
 0.85 1.15 0.36 
 1.06 0.89 0.62 
 1.09 0.35 0.03 
 1.16 0.47 0.05 
 1.33 0.88 0.14 
 0.74 0.50 0.12 
 0.51 0.22 0.16 
 0.60 0.49 0.10 
 0.47 0.19 0.07 
 0.41 0.29 0.17 
 0.43 0.97 0.76 
 0.41 1.61 0.59 
 0.70 0.63 0.25 
 1.84 0.36 0.91 
 0.57 0.60 0.02 
 0.42 0.15 0.34 
 1.10 0.31 0.09 
 0.67 0.83 1.23 
 0.46 0.96 0.29 
 0.59 0.68 0.03 
 1.02 0.10 0.15 
 0.75 0.35 0.63 
 0.73 0.74 0.27 
 0.66 0.69 0.18 
 0.47 0.91 0.74 
 1.18 1.04 0.67 
 1.18 0.27 0.26 
 0.69 0.63 0.29 
 1.24 0.76 0.24 
 0.76 0.37 0.08 
 0.56 0.17 0.05 
 0.60 0.46 0.08 
 0.59 0.34 0.04 
 0.44 0.23 0.20 
 0.44 1.01 0.48 
 0.38 1.54 0.33 
 1.08 1.03 0.10 
 2.00 0.40 1.04 
 0.00 1.07 1.33 
 0.69 0.00 0.23 
 0.77 1.06 0.28 
 0.44 1.03 1.01 
 0.48 0.80 0.06 
 0.76 0.59 0.23 
 0.82 0.23 0.03 
 0.72 0.64 0.33 
 0.56 0.86 0.23 
 0.61 0.75 0.40 
 1.02 0.82 0.57 
 1.09 0.52 0.33 
 0.85 0.58 0.09 
 0.68 1.22 0.05 
 0.66 0.56 0.23 
 0.72 0.36 0.04 
 0.54 0.53 0.12 
 0.60 0.42 0.12 
 0.47 0.36 0.18 
 0.39 0.49 0.20 
 0.49 1.35 0.56 
 0.32 1.11 0.36 
 1.59 0.92 0.46 
 0.95 0.43 0.39 
 0.16 0.16 0.20 
 1.18 0.72 0.14 
 0.82 0.86 0.32 
 0.45 0.78 0.65 
 0.61 0.76 0.17 
 1.01 0.31 0.05 
 0.62 0.50 0.33 
 0.64 0.93 0.10 
 0.46 1.04 0.23 
 0.90 0.45 0.40 
 1.04 0.63 0.35 
 1.21 0.38 0.03 
 1.19 0.75 0.35 
 0.86 1.03 0.20 
 0.56 0.53 0.21 
 0.51 0.28 0.08 
 0.55 0.31 0.07 
 0.56 0.24 0.14 
 0.42 0.47 0.35 
 0.40 1.19 0.58 
 0.35 1.46 0.43 
 0.89 0.55 0.47 
 1.81 0.27 0.88 
 0.34 0.42 0.01 
 0.60 0.33 0.34 
 0.96 0.68 0.04 
 0.68 0.67 0.78 
 0.46 0.58 0.53 
 0.61 0.65 0.03 
 0.89 0.18 0.13 
 0.82 0.70 0.19 
 0.77 0.73 0.33 
 0.55 0.93 0.22 
 0.57 0.91 0.13 
 0.95 1.06 0.75 
 1.20 0.31 0.18 
 1.03 0.31 0.42 
 0.81 1.02 0.49 
 0.59 0.45 0.18 
 0.50 0.40 0.06 
 0.61 0.44 0.06 
 0.63 0.24 0.09 
 0.42 0.19 0.18 
 0.39 0.79 0.66 
 0.38 1.95 0.66 
 0.85 0.96 0.19 
 1.65 0.02 0.29 
 0.55 0.57 0.04 
 0.53 0.39 0.30 
 0.91 0.37 0.30 
 0.47 1.01 0.51 
 0.59 0.51 0.55 
 0.54 0.66 0.06 
 0.97 0.19 0.09 
 0.65 0.76 0.06 
 0.72 0.79 0.26 
 0.53 0.76 0.00 
 0.55 1.23 0.20 
 1.18 1.02 0.46 
 1.14 0.38 0.20 
 0.62 0.64 0.07 
 0.78 1.14 0.02 
 0.73 0.83 0.15 
 0.63 0.34 0.05 
 0.60 0.47 0.10 
 0.58 0.30 0.06 
 0.34 0.14 0.18 
 0.35 0.90 0.71 
 0.50 1.74 0.70 
 0.88 0.88 0.04 
 2.00 0.85 0.50 
 0.25 0.50 0.34 
 0.83 0.19 0.31 
 1.03 0.51 0.01 
 0.60 0.69 0.64 
 0.40 0.63 0.17 
 0.77 0.47 0.19 
 0.85 0.25 0.13 
 0.78 0.57 0.66 
 0.67 0.68 0.47 
 0.58 1.30 0.17 
 0.88 0.88 0.56 
 1.30 0.52 0.75 
 1.12 0.21 0.01 
 1.14 0.97 0.37 
 0.75 0.60 0.00 
 0.57 0.34 0.06 
 0.52 0.44 0.17 
 0.68 0.38 0.12 
 0.49 0.18 0.15 
 0.36 0.57 0.45 
 0.46 1.51 0.59 
 0.24 1.08 0.30 
 1.24 0.46 0.09 
 0.97 0.92 0.15 
 0.18 0.32 0.20 
 1.14 0.40 0.19 
 0.92 1.00 0.16 
 0.56 0.77 0.33 
 0.42 0.85 0.13 
 0.97 0.41 0.12 
 0.89 0.77 0.11 
 0.74 0.77 0.18 
 0.71 0.88 0.33 
 0.43 0.82 0.29 
 0.87 1.01 0.66 
 1.09 0.78 0.07 
 1.07 0.42 0.04 
 1.24 0.47 0.08 
 0.48 0.70 0.18 
 0.52 0.36 0.13 
 0.48 0.41 0.04 
 0.64 0.27 0.10 
 0.52 0.18 0.12 
 0.43 0.65 0.48 
 0.46 1.73 0.60 
 0.93 1.22 0.10 
 1.60 0.01 0.99 
 0.30 0.26 0.21 
 0.42 0.48 0.02 
 0.82 1.29 0.10 
 0.66 0.41 0.30 
 0.62 0.52 0.52 
 0.51 0.79 0.16 
 1.01 0.29 0.24 
 0.45 0.64 0.78 
 0.77 0.78 0.11 
 0.42 0.75 0.24 
 0.68 0.79 0.24 
 1.09 0.88 0.39 
 1.23 0.24 0.07 
 1.21 0.55 0.35 
 1.24 0.80 0.05 
 0.73 0.48 0.26 
 0.49 0.36 0.25 
 0.59 0.44 0.11 
 0.55 0.20 0.10 
 0.35 0.43 0.28 
 0.31 0.95 0.52 
 0.48 1.59 0.64 
 0.79 0.84 0.22 
 2.00 0.58 1.08 
 0.24 0.46 0.00 
 0.66 0.49 0.14 
 1.19 0.72 0.30 
 0.44 1.21 0.43 
 0.41 0.80 0.30 
 0.79 0.53 0.04 
 1.00 0.25 0.17 
 0.71 0.62 0.52 
 0.72 0.50 0.30 
 0.73 0.69 0.28 
 0.50 0.94 0.32 
 0.78 1.15 0.44 
 1.21 0.36 0.05 
 1.29 0.60 0.13 
 0.82 1.13 0.39 
 0.75 0.56 0.18 
 0.49 0.33 0.01 
 0.52 0.54 0.10 
 0.71 0.18 0.08 
 0.47 0.35 0.24 
 0.29 0.85 0.56 
 0.21 1.56 0.55 
 0.31 0.90 0.46 
 1.29 0.32 0.49 
 1.03 1.22 0.23 
 0.40 0.19 0.00 
 0.92 0.55 0.10 
 0.71 1.35 0.00 
 0.52 0.70 0.35 
 0.60 0.56 0.32 
 0.74 0.54 0.02 
 0.78 0.40 0.07 
 0.82 0.49 0.33 
 0.68 0.73 0.30 
 0.43 0.89 0.23 
 0.94 1.01 0.65 
 1.13 0.69 0.53 
 1.08 0.21 0.15 
 1.33 0.32 0.52 
 0.90 1.13 0.22 
 0.69 0.54 0.10 
 0.47 0.54 0.09 
 0.62 0.53 0.15 
 0.60 0.13 0.11 
 0.44 0.37 0.19 
 0.44 0.83 0.65 
 0.69 1.99 0.87 
 0.40 0.99 0.52 
 0.79 0.42 0.66 
 1.10 1.94 0.18 
 0.57 0.50 0.72 
 0.72 1.01 0.33 
 0.81 1.09 0.33 
 0.33 0.81 0.20 
 0.85 0.23 0.07 
 0.47 0.68 0.47 
 0.49 1.00 0.23 
 0.38 0.97 0.51 
 1.67 0.59 0.26 
 1.37 0.60 0.07 
 1.27 0.70 0.25 
 0.12 0.37 0.22 
 0.23 0.55 0.12 
 0.49 0.25 0.11 
 0.58 0.11 0.04 
 0.42 0.29 0.18 
 0.58 1.17 0.78 
 0.37 1.52 0.27 
 0.84 0.62 0.42 
 2.00 0.56 0.89 
 0.02 0.86 0.88 
 0.70 0.35 0.48 
 1.25 1.14 0.11 
 0.58 0.36 0.78 
 0.47 0.38 0.46 
 0.69 0.69 0.13 
 0.90 0.26 0.18 
 0.80 0.71 0.21 
 0.63 0.76 0.41 
 0.67 0.78 0.13 
 0.85 0.87 0.60 
 1.09 0.61 0.86 
 1.05 0.33 0.07 
 1.17 1.10 0.50 
 0.79 0.72 0.55 
 0.64 0.39 0.00 
 0.56 0.32 0.13 
 0.58 0.39 0.16 
 0.52 0.17 0.15 
 0.44 0.63 0.50 
 0.43 1.54 0.72 
 0.35 0.97 0.41 
 1.23 0.36 0.23 
 0.94 0.80 0.10 
 0.20 0.22 0.31 
 1.07 0.33 0.04 
 0.70 0.99 0.25 
 0.41 0.53 0.47 
 0.59 0.66 0.14 
 0.97 0.31 0.12 
 0.65 0.57 0.33 
 0.76 0.73 0.26 
 0.53 0.79 0.14 
 0.75 0.85 0.28 
 0.86 1.00 0.45 
 1.26 0.36 0.41 
 0.59 0.54 0.19 
 0.62 0.47 0.24 
 0.80 0.51 0.18 
 0.63 0.55 0.12 
 0.58 0.46 0.12 
 0.67 0.40 0.12 
 0.58 0.25 0.22 
 0.35 0.62 0.40 
 0.40 1.19 0.64 
 0.28 1.12 0.27 
 1.20 0.62 0.36 
 1.23 0.78 0.44 
 0.23 0.39 0.15 
 0.89 0.61 0.12 
 0.87 0.58 0.04 
 0.72 0.79 0.11 
 0.47 0.59 0.43 
 0.97 0.44 0.04 
 0.67 0.50 0.17 
 0.78 0.78 0.20 
 0.59 0.80 0.19 
 0.46 0.92 0.31 
 0.98 0.87 0.42 
 1.27 0.48 0.44 
 1.25 0.23 0.07 
 1.25 1.00 0.10 
 0.79 0.57 0.00 
 0.59 0.26 0.05 
 0.58 0.40 0.14 
 0.60 0.34 0.12 
 0.52 0.23 0.13 
 0.37 0.64 0.49 
 0.53 1.39 0.78 
 0.43 1.12 0.45 
 1.00 0.68 0.05 
 1.09 1.19 0.28 
 0.37 0.54 0.14 
 0.86 0.47 0.19 
 0.81 0.87 0.05 
 0.72 0.72 0.58 
 0.42 0.58 0.42 
 0.75 0.61 0.14 
 0.97 0.25 0.09 
 0.84 0.73 0.09 
 0.65 0.82 0.23 
 0.43 0.71 0.07 
 0.94 1.17 0.53 
 1.13 0.73 0.79 
 1.04 0.18 0.25 
 1.03 0.78 0.06 
 1.08 0.88 0.33 
 0.59 0.52 0.09 
 0.53 0.32 0.04 
 0.59 0.66 0.03 
 0.51 0.20 0.16 
 0.42 0.32 0.30 
 0.39 0.86 0.64 
 0.44 1.56 0.60 
 0.31 0.62 0.35 
 1.33 0.41 0.26 
 0.99 1.18 0.00 
 0.26 0.47 0.04 
 0.86 0.41 0.30 
 0.80 1.07 0.17 
 0.58 0.42 0.51 
 0.49 0.80 0.20 
 0.87 0.41 0.14 
 0.62 0.49 0.10 
 0.73 0.71 0.26 
 0.75 0.68 0.34 
 0.58 0.94 0.23 
 0.80 0.51 0.90 
 0.99 0.84 0.81 
 0.69 0.36 0.22 
 1.30 0.81 0.19 
 0.93 0.88 0.87 
 0.76 0.47 0.13 
 0.42 0.20 0.03 
 0.52 0.47 0.00 
 0.57 0.18 0.13 
 0.32 0.45 0.30 
 0.39 1.07 0.66 
 0.41 1.34 0.44 
 0.84 0.79 0.30 
 1.55 0.70 0.82 
 0.55 0.57 0.03 
 0.49 0.39 0.13 
 0.86 0.27 0.12 
 0.77 0.99 0.46 
 0.52 0.68 0.48 
 0.64 0.47 0.12 
 0.78 0.37 0.10 
 0.66 0.51 0.52 
 0.71 0.68 0.44 
 0.60 0.89 0.10 
 0.38 0.85 0.37 
 0.71 1.13 0.89 
 1.21 0.75 0.02 
 1.44 0.52 0.39 
 0.73 1.35 0.38 
 1.30 0.54 0.53 
 0.51 0.25 0.06 
 0.56 0.49 0.09 
 0.59 0.13 0.11 
 0.40 0.22 0.14 
 0.34 0.79 0.68 
 0.52 1.79 0.60 
 1.01 1.15 0.18 
 1.52 0.67 0.50 
 0.43 0.43 0.14 
 0.35 0.33 0.30 
 0.95 0.48 0.29 
 0.64 0.93 0.31 
 0.52 0.54 0.48 
 0.65 0.50 0.20 
 0.92 0.20 0.01 
 0.74 0.53 0.36 
 0.62 0.96 0.20 
 0.56 1.03 0.23 
 0.93 1.14 0.38 
 1.49 0.54 0.40 
 1.17 0.18 0.02 
 1.18 0.93 0.22 
 0.67 0.43 0.73 
 0.60 0.52 0.00 
 0.50 0.42 0.14 
 0.65 0.39 0.10 
 0.47 0.12 0.12 
 0.35 0.52 0.53 
 0.54 1.59 0.85 
 0.43 0.95 0.29 
 1.34 0.51 0.36 
 0.64 1.03 0.32 
 0.28 0.44 0.56 
 1.00 0.55 0.25 
 0.84 0.99 0.20 
 0.46 0.63 0.50 
 0.51 0.58 0.02 
 1.04 0.24 0.05 
 0.82 0.74 0.09 
 0.72 0.85 0.12 
 0.58 0.86 0.26 
 0.90 1.14 0.44 
 1.26 0.79 1.01 
 1.16 0.13 0.27 
 0.69 0.47 0.17 
 0.98 1.29 0.26 
 0.60 0.81 0.51 
 0.61 0.15 0.07 
 0.58 0.40 0.08 
 0.60 0.26 0.14 
 0.30 0.18 0.19 
 0.40 0.95 0.65 
 0.51 1.70 0.72 
 0.98 0.57 0.37 
 1.85 0.98 0.22 
 0.34 0.41 0.19 
 0.58 0.32 0.38 
 0.91 0.54 0.21 
 0.71 0.69 0.76 
 0.52 0.73 0.23 
 0.61 0.53 0.03 
 0.95 0.39 0.38 
 0.86 0.76 0.22 
 0.68 0.84 0.22 
 0.55 0.80 0.00 
 0.74 0.86 0.38 
 1.06 0.81 0.64 
 1.23 0.27 0.10 
 1.18 0.50 0.31 
 0.70 1.24 0.07 
 0.81 0.55 0.02 
 0.51 0.44 0.10 
 0.57 0.51 0.04 
 0.58 0.24 0.14 
 0.44 0.32 0.22 
 0.43 0.84 0.58 
 0.43 1.59 0.58 
 0.76 0.75 0.39 
 1.36 0.63 0.50 
 0.71 0.46 0.10 
 0.34 0.31 0.14 
 0.87 0.67 0.11 
 0.70 0.75 0.73 
 0.47 0.67 0.45 
 0.60 0.60 0.09 
 0.80 0.44 0.00 
 0.76 0.49 0.04 
 0.80 0.70 0.28 
 0.68 0.71 0.39 
 0.52 1.02 0.09 
 0.95 1.04 0.66 
 1.25 0.88 0.54 
 1.19 0.32 0.12 
 1.14 0.67 0.43 
 0.81 0.92 0.40 
 0.74 0.65 0.18 
 0.53 0.26 0.06 
 0.62 0.19 0.11 
 0.60 0.23 0.12 
 0.38 0.48 0.28 
 0.38 1.06 0.66 
 0.40 1.50 0.40 
 0.58 0.79 0.11 
 1.60 0.49 0.75 
 0.53 0.63 0.05 
 0.43 0.01 0.18 
 0.88 0.69 0.05 
 0.74 0.78 0.41 
 0.59 0.54 0.62 
 0.49 0.73 0.04 
 0.84 0.39 0.07 
 0.76 0.48 0.03 
 0.76 0.70 0.31 
 0.72 0.69 0.30 
 0.74 0.76 0.53 
 0.81 0.62 0.47 
 1.08 0.99 0.56 
 1.07 0.44 0.03 
 1.05 0.36 0.37 
 0.92 1.13 0.40 
 0.94 0.02 0.17 
 0.51 0.35 0.04 
 0.59 0.48 0.05 
 0.61 0.22 0.08 
 0.46 0.32 0.24 
 0.44 0.85 0.47 
 0.36 1.37 0.60 
 0.51 1.16 0.16 
 1.76 0.78 0.69 
 0.57 0.48 0.13 
 0.52 0.19 0.51 
 1.10 0.47 0.37 
 0.69 1.02 0.18 
 0.67 0.80 0.66 
 0.81 0.52 0.05 
 1.00 0.12 0.10 
 0.68 0.45 0.67 
 0.70 0.73 0.34 
 0.51 1.08 0.09 
 0.86 0.96 0.52 
 0.85 0.76 0.46 
 1.30 0.11 0.26 
 1.09 0.71 0.00 
 0.57 1.41 0.78 
 0.47 0.39 0.32 
 0.56 0.35 0.01 
 0.51 0.47 0.10 
 0.61 0.26 0.10 
 0.44 0.36 0.26 
 0.26 1.05 0.63 
 0.40 1.48 0.66 
 0.91 0.74 0.37 
 1.58 0.51 0.51 
 0.33 0.65 0.22 
 0.61 0.06 0.65 
 1.04 0.45 0.02 
 0.77 1.05 0.78 
 0.54 0.64 0.35 
 0.71 0.60 0.07 
 0.83 0.27 0.07 
 0.76 0.56 0.34 
 0.67 0.65 0.45 
 0.55 0.92 0.20 
 0.42 0.76 0.26 
 0.88 1.18 0.45 
 1.28 0.20 0.72 
 1.20 0.69 0.11 
 1.12 0.97 0.03 
 0.96 0.47 0.04 
 0.57 0.30 0.09 
 0.47 0.43 0.10 
 0.61 0.29 0.11 
 0.45 0.29 0.16 
 0.39 0.77 0.45 
 0.36 1.59 0.60 
 0.19 0.79 0.32 
 1.28 0.62 0.05 
 1.14 0.77 0.10 
 0.07 0.29 0.16 
 1.06 0.34 0.07 
 0.92 0.86 0.06 
 0.26 0.74 0.67 
 0.57 0.56 0.21 
 0.89 0.27 0.13 
 0.74 0.50 0.26 
 0.61 0.72 0.31 
 0.69 0.72 0.23 
 0.30 0.76 0.10 
 0.81 0.94 0.63 
 1.33 0.66 0.64 
 1.58 0.02 0.04 
 1.07 1.12 0.35 
 0.63 0.75 0.35 
 0.64 0.32 0.06 
 0.50 0.46 0.07 
 0.58 0.16 0.16 
 0.48 0.39 0.17 
 0.36 0.90 0.54 
 0.59 1.54 0.76 
 0.27 0.73 0.17 
 0.94 0.56 0.27 
 1.81 0.75 1.60 
 0.09 0.93 0.42 
 0.78 0.36 0.75 
 0.99 0.68 0.43 
 0.54 0.70 0.82 
 0.44 0.51 0.16 
 0.73 0.54 0.16 
 0.78 0.45 0.13 
 0.76 0.59 0.29 
 0.75 0.73 0.30 
 0.65 0.95 0.22 
 1.01 1.22 0.46 
 1.18 0.74 0.66 
 0.90 0.30 0.15 
 0.87 0.85 0.28 
 0.97 0.95 0.14 
 0.67 0.57 0.07 
 0.51 0.34 0.12 
 0.69 0.55 0.11 
 0.54 0.13 0.14 
 0.38 0.26 0.35 
 0.37 0.98 0.47 
 0.42 1.44 0.46 
 1.18 1.03 0.37 
 1.30 1.21 0.65 
 0.52 0.26 0.13 
 0.45 0.24 0.08 
 0.90 0.86 0.67 
 0.58 0.95 1.24 
 0.57 0.66 0.39 
 0.68 0.61 0.08 
 0.93 0.39 0.29 
 0.76 0.51 0.09 
 0.80 0.56 0.28 
 0.70 0.63 0.31 
 0.53 0.94 0.07 
 0.77 1.05 0.25 
 0.97 1.08 0.49 
 1.15 0.19 0.13 
 1.29 0.50 0.05 
 0.69 1.35 0.39 
 0.57 0.42 0.16 
 0.48 0.40 0.11 
 0.61 0.36 0.13 
 0.68 0.31 0.13 
 0.36 0.30 0.19 
 0.39 0.68 0.53 
 0.47 1.38 0.64 
 0.39 0.97 0.55 
 0.84 0.62 0.28 
 2.00 0.78 1.27 
 0.39 0.71 0.14 
 0.82 0.05 0.77 
 0.89 0.78 0.21 
 0.53 0.71 0.50 
 0.38 0.48 0.08 
 0.66 0.46 0.42 
 0.76 0.31 0.24 
 0.75 0.58 0.40 
 0.71 0.57 0.44 
 0.60 1.04 0.31 
 0.84 1.00 0.80 
 1.00 0.83 0.92 
 1.27 0.09 0.18 
 0.96 0.92 0.34 
 0.57 1.19 0.56 
 0.79 0.15 0.24 
 0.59 0.27 0.18 
 0.62 0.33 0.13 
 0.60 0.14 0.12 
 0.31 0.51 0.26 
 0.34 0.98 0.47 
 0.51 1.45 0.43 
 0.77 0.78 0.58 
 1.45 0.53 0.53 
 0.72 0.62 0.14 
 0.47 0.02 0.39 
 0.86 0.55 0.23 
 0.84 0.75 0.49 
 0.39 0.37 0.74 
 0.54 0.70 0.29 
 1.06 0.29 0.02 
 0.66 0.69 0.08 
 0.72 0.83 0.18 
 0.62 0.75 0.27 
 0.57 0.99 0.24 
 0.98 1.07 0.31 
 1.21 0.36 0.62 
 1.11 0.28 0.18 
 1.16 0.57 0.33 
 0.28 1.26 0.44 
 0.58 0.68 0.17 
 0.52 0.35 0.16 
 0.57 0.43 0.14 
 0.56 0.25 0.16 
 0.41 0.51 0.38 
 0.40 1.23 0.71 
 0.34 1.25 0.42 
 1.16 0.70 0.46 
 1.62 0.78 1.21 
 0.21 0.39 0.15 
 0.71 0.31 0.46 
 1.07 0.69 0.10 
 0.61 0.69 0.77 
 0.48 0.81 0.29 
 0.69 0.65 0.13 
 0.94 0.29 0.05 
 0.82 0.80 0.13 
 0.64 0.75 0.18 
 0.54 0.90 0.29 
 0.65 1.12 0.46 
 0.89 1.16 0.58 
 1.24 0.37 0.07 
 1.46 0.55 0.11 
 0.78 0.90 0.21 
 0.64 0.80 0.12 
 0.67 0.35 0.04 
 0.49 0.45 0.09 
 0.64 0.19 0.14 
 0.50 0.23 0.14 
 0.35 0.74 0.65 
 0.57 1.49 0.72 
 0.48 0.95 0.29 
 1.07 0.94 0.19 
 0.92 0.91 0.15 
 0.30 0.56 0.15 
 0.78 0.50 0.33 
 0.90 0.85 0.13 
 0.51 0.69 0.57 
 0.63 0.72 0.02 
 0.79 0.50 0.19 
 0.80 0.45 0.10 
 0.82 0.54 0.37 
 0.71 0.69 0.27 
 0.62 1.00 0.34 
 0.73 0.68 0.07 
 0.81 0.98 0.98 
 1.18 0.57 0.01 
 1.38 0.39 0.11 
 1.03 0.75 0.01 
 0.73 0.52 0.03 
 0.52 0.36 0.09 
 0.55 0.45 0.11 
 0.61 0.25 0.11 
 0.44 0.25 0.22 
 0.35 0.74 0.55 
 0.51 1.69 0.73 
 0.65 0.96 0.24 
 1.23 0.81 0.39 
 0.68 0.66 0.09 
 0.19 0.43 0.14 
 0.80 0.44 0.04 
 0.77 0.91 0.29 
 0.59 0.52 0.38 
 0.45 0.71 0.01 
 0.98 0.40 0.05 
 0.57 0.51 0.02 
 0.73 0.71 0.13 
 0.66 0.67 0.36 
 0.59 0.80 0.05 
 0.84 1.00 0.35 
 1.21 0.69 0.95 
 1.11 0.20 0.07 
 1.04 0.58 0.44 
 0.90 1.00 0.08 
 0.79 0.59 0.11 
 0.55 0.41 0.14 
 0.64 0.36 0.15 
 0.58 0.29 0.15 
 0.38 0.30 0.29 
 0.37 0.88 0.64 
 0.44 1.51 0.70 
 0.61 0.81 0.10 
 1.59 0.40 0.57 
 0.66 0.68 0.07 
 0.17 0.15 0.55 
 0.93 0.46 0.12 
 0.86 0.89 0.47 
 0.48 0.50 0.45 
 0.48 0.70 0.18 
 0.86 0.57 0.20 
 0.71 0.54 0.11 
 0.76 0.62 0.38 
 0.54 0.84 0.26 
 0.52 0.83 0.37 
 0.88 0.73 0.45 
 1.26 0.52 0.72 
 0.80 0.18 0.14 
 1.03 0.72 0.45 
 0.66 0.63 0.97 
 0.57 0.36 0.11 
 0.54 0.37 0.15 
 0.58 0.49 0.16 
 0.59 0.31 0.15 
 0.43 0.68 0.31 
 0.37 0.82 0.40 
 0.52 1.24 0.36 
 0.58 0.99 0.40 
 1.42 0.52 0.33 
 0.81 0.56 0.05 
 0.28 0.25 0.04 
 1.00 1.07 0.59 
 0.54 0.64 0.71 
 0.68 0.87 0.10 
 0.60 0.70 0.24 
 0.74 0.45 0.06 
 0.90 0.30 0.00 
 0.84 0.58 0.25 
 0.63 0.75 0.37 
 0.59 0.92 0.19 
 0.56 0.90 0.24 
 0.78 0.80 0.64 
 1.10 0.73 0.16 
 1.36 0.64 0.03 
 1.15 1.13 0.26 
 0.64 0.56 0.93 
 0.66 0.41 0.06 
 0.53 0.50 0.01 
 0.70 0.26 0.10 
 0.56 0.26 0.09 
 0.39 0.60 0.35 
 0.44 1.04 0.64 
 0.39 1.33 0.28 
 0.81 0.93 0.33 
 2.00 0.66 0.41 
 0.38 0.22 0.08 
 0.56 0.15 0.18 
 0.99 0.63 0.24 
 0.70 0.56 0.89 
 0.60 0.79 0.25 
 0.54 0.54 0.40 
 0.86 0.33 0.04 
 0.72 0.51 0.25 
 0.71 0.63 0.44 
 0.65 0.78 0.27 
 0.67 1.01 0.43 
 0.85 0.72 0.53 
 1.20 0.58 0.59 
 1.01 0.28 0.01 
 0.73 1.02 0.19 
 0.89 0.67 0.25 
 0.62 0.71 0.05 
 0.54 0.44 0.09 
 0.65 0.34 0.05 
 0.48 0.25 0.14 
 0.30 0.38 0.29 
 0.40 1.09 0.74 
 0.40 1.41 0.46 
 1.53 0.61 0.40 
 0.99 0.52 0.35 
 0.38 0.50 0.04 
 0.92 0.49 0.37 
 0.93 0.79 0.36 
 0.23 0.92 0.40 
 0.55 0.65 0.45 
 0.91 0.44 0.02 
 0.71 0.38 0.11 
 0.68 0.70 0.26 
 0.64 0.64 0.39 
 0.38 0.89 0.13 
 0.94 0.87 0.60 
 1.07 0.60 0.69 
 1.21 0.46 0.14 
 1.11 0.80 0.01 
 0.54 1.18 0.04 
 0.44 0.54 0.29 
 0.48 0.32 0.03 
 0.63 0.28 0.10 
 0.55 0.30 0.14 
 0.40 0.51 0.32 
 0.36 1.15 0.51 
 0.35 1.29 0.29 
 1.11 0.97 0.46 
 2.00 0.51 1.18 
 0.10 1.02 0.02 
 0.85 0.47 0.23 
 0.79 1.25 0.29 
 0.72 0.44 0.37 
 0.52 0.59 0.28 
 0.61 0.48 0.02 
 0.89 0.34 0.22 
 0.68 0.51 0.52 
 0.61 0.76 0.45 
 0.57 1.11 0.30 
 0.78 0.71 0.67 
 0.72 1.06 0.80 
 1.41 0.48 0.21 
 1.23 0.99 0.53 
 0.57 1.21 0.07 
 0.59 0.33 0.05 
 0.41 0.03 0.14 
 0.43 0.45 0.13 
 0.47 0.14 0.07 
 0.29 0.71 0.28 
 0.32 1.13 0.86 
 0.68 1.12 0.64 
 1.59 1.17 0.74 
 0.73 0.03 0.28 
 0.85 0.01 0.26 
 0.84 0.69 0.16 
 0.45 0.51 0.34 
 0.50 0.89 0.34 
 0.63 0.76 0.15 
 0.82 0.30 0.30 
 0.74 0.59 0.32 
 0.89 0.71 0.01 
 0.66 0.83 0.38 
 0.74 0.81 0.24 
 0.84 1.21 0.17 
 0.82 0.51 0.63 
 1.33 0.83 0.53 
 1.87 0.70 0.62 
 0.55 0.59 0.22 
 0.42 0.49 1.01 
 0.40 0.54 0.00 
 0.60 0.19 0.08 
 0.36 0.65 0.08 
 0.03 0.52 0.65 
 0.24 1.15 0.42 
 0.59 0.58 0.40 
 1.12 0.75 0.49 
 0.65 0.02 0.34 
 0.73 0.74 0.28 
 1.30 1.11 0.09 
 0.73 0.50 0.54 
 0.73 0.50 0.18 
 0.64 0.78 0.18 
 0.70 0.70 0.17 
 0.93 0.64 0.21 
 0.68 0.97 0.09 
 0.67 0.73 0.30 
 0.68 0.92 0.25 
 0.92 0.92 0.36 
 1.01 0.46 0.18 
 1.10 0.81 0.14 
 1.30 0.77 0.40 
 0.54 0.29 0.95 
 0.48 0.53 0.13 
 0.53 0.40 0.10 
 0.59 0.19 0.04 
 0.40 0.25 0.22 
 0.34 0.81 0.44 
 0.43 1.28 0.48 
 0.18 0.94 0.23 
 1.13 0.47 0.01 
 2.00 1.16 0.45 
 0.37 0.63 0.03 
 0.97 0.22 0.07 
 1.07 0.39 0.01 
 0.46 0.05 0.53 
 0.50 0.70 0.35 
 0.01 0.50 0.47 
 0.86 0.89 0.21 
 0.87 0.00 0.08 
 0.99 0.71 0.77 
 0.62 0.50 0.35 
 0.92 0.84 0.90 
 1.18 0.54 0.86 
 0.81 0.48 0.27 
 1.17 0.57 0.04 
 1.09 0.53 0.43 
 0.57 0.16 0.21 
 0.65 0.40 0.28 
 0.56 0.45 0.24 
 0.46 0.17 0.13 
 0.45 0.28 0.50 
 0.63 1.22 0.93 
 0.97 1.10 0.47 
 1.07 0.75 0.48 
 0.73 0.79 0.18 
 0.53 0.03 0.00 
 0.82 0.88 0.01 
 0.67 1.22 0.09 
 0.72 0.68 0.69 
 0.24 0.97 0.37 
 0.44 0.17 0.00 
 0.99 0.47 0.19 
 0.88 0.83 0.47 
 0.75 0.92 0.02 
 0.91 0.80 0.53 
 1.23 0.98 1.04 
 1.34 0.42 0.01 
 1.48 0.42 0.24 
 0.89 0.09 0.34 
 0.41 0.34 0.25 
 0.78 0.37 0.15 
 0.56 0.40 0.17 
 0.53 0.09 0.16 
 0.57 0.35 0.49 
 0.66 0.90 0.77 
 0.63 1.12 0.61 
 0.96 0.57 0.67 
 1.36 0.72 0.07 
 0.92 0.81 0.54 
 0.68 0.10 0.11 
 0.62 0.82 0.32 
 0.93 0.43 0.01 
 0.74 0.59 0.07 
 0.66 0.54 0.15 
 0.80 0.47 0.21 
 0.78 1.34 0.22 
 0.74 0.32 0.06 
 0.73 1.17 0.30 
 0.89 0.90 0.35 
 1.09 0.70 0.16 
 0.38 0.17 1.15 
 0.57 1.12 0.58 
 0.73 0.88 0.38 
 0.44 0.82 0.05 
 0.62 0.15 0.20 
 0.34 0.53 0.23 
 0.46 0.48 0.13 
 0.47 0.88 0.24 
 0.39 0.89 0.40 
 0.38 0.90 0.14 
 0.84 0.99 0.27 
 0.64 0.70 0.02 
 0.44 0.78 0.15 
 0.79 0.22 0.09 
 0.74 0.82 0.14 
 0.62 0.67 0.51 
 0.51 0.94 0.04 
 0.34 0.51 0.19 
 0.64 0.81 0.24 
 0.43 0.55 0.29 
 0.09 0.54 0.16 
 0.07 0.62 0.00 
 2.00 0.47 0.25 
 1.53 1.27 0.86 
 1.02 0.64 0.47 
 0.92 0.08 0.41 
 1.12 0.72 0.54 
 1.08 0.30 0.69 
 1.34 0.30 0.08 
 0.52 0.35 0.12 
 0.50 0.58 0.24 
 0.94 0.40 0.31 
 0.53 0.90 0.76 
 0.43 0.53 0.62 
 0.72 0.42 0.50 
 0.84 0.26 0.19 
 1.28 0.30 0.14 
 0.98 0.29 0.15 
 0.93 1.26 1.08 
 1.34 0.35 0.14 
 0.38 0.51 0.48 
 1.12 0.38 0.27 
 0.76 0.68 0.41 
 1.11 0.63 0.55 
 0.36 0.33 0.20 
 0.89 0.33 0.57 
 0.93 0.20 0.18 
 1.79 1.04 0.53 
 1.07 0.25 0.17 
 1.08 0.50 0.03 
 0.87 0.12 0.22 
 0.89 0.40 0.32 
 0.88 0.33 0.05 
 0.91 0.43 0.32 
 0.94 0.11 0.57 
 1.10 0.55 0.29 
 1.01 0.47 0.01 
 0.79 0.31 0.53 
 0.83 0.13 0.03 
 1.74 0.18 0.35 
 0.91 0.32 0.04 
 0.89 0.44 0.03 
 0.89 0.00 0.15 
 1.15 0.95 0.87 
 0.87 0.51 0.22 
 1.16 0.77 0.30 
 0.90 0.32 0.22 
 0.88 0.52 0.23 
 0.81 0.47 0.26 
 0.86 0.47 0.21 
 0.89 0.58 0.03 
 0.84 0.48 0.12 
 0.79 0.67 0.04 
 0.81 0.62 0.04 
 0.72 0.74 0.10 
 0.68 0.92 0.21 
 0.58 0.65 0.21 
 0.45 0.76 0.55 
 0.36 0.87 0.06 
 0.34 0.83 0.09 
 0.28 0.95 0.24 
 0.29 0.92 0.10 
 0.31 0.97 0.22 
 0.30 0.90 0.19 
 0.12 1.25 0.17 
 0.10 1.07 0.26 
 0.15 1.06 0.15 
 0.07 0.80 0.03 
 0.10 1.02 0.23 
 0.01 0.82 0.15 
 0.17 1.02 0.23 
 0.11 0.94 0.23 
 0.11 1.08 0.24 
 0.01 0.89 0.15 
 0.04 1.02 0.33 
 0.11 0.98 0.27 
 0.04 0.95 0.31 
 0.09 0.93 0.30 
 0.00 0.92 0.43 
 0.06 0.95 0.24 
 0.18 1.00 0.22 
 0.16 1.01 0.15 
 0.17 0.96 0.23 
 0.10 1.00 0.32 
 0.00 0.90 0.28 
 0.33 1.02 0.19 
 0.13 0.99 0.33 
 0.28 1.01 0.26 
 0.19 0.83 0.18 
 0.20 0.89 0.55 
 0.44 0.89 0.27 
 0.38 0.94 0.39 
 0.58 0.80 0.26 
 0.65 0.88 0.43 
 0.67 0.74 0.20 
 0.61 0.94 0.56 
 0.59 0.85 0.19 
 0.55 0.93 0.28 
 0.75 1.01 0.02 
 0.73 0.85 0.14 
 0.58 0.74 0.41 
 0.64 0.68 0.08 
 0.61 0.71 0.07 
 0.53 0.49 0.02 
 0.56 0.70 0.28 
 0.54 0.52 0.21 
 0.69 0.58 0.15 
 0.74 0.65 0.14 
 0.78 0.63 0.02 
 0.56 0.73 0.02 
 0.61 0.45 0.29 
 0.67 0.79 0.23 
 0.56 0.72 0.08 
 0.88 1.09 0.50 
 0.86 0.78 0.26 
 0.88 1.01 0.32 
 0.83 0.84 0.18 
 0.84 0.83 0.01 
 0.77 0.75 0.09 
 0.90 0.67 0.01 
 0.83 0.51 0.12 
 0.86 0.41 0.27 
 0.94 0.40 0.03 
 0.87 0.52 0.27 
 0.73 0.31 0.27 
 0.73 0.12 0.12 
 0.77 0.53 0.07 
 0.97 0.54 0.24 
 0.80 0.73 0.24 
 0.98 0.45 0.49 
 0.96 0.76 0.28 
 0.73 0.52 0.19 
 0.80 0.68 0.23 
 0.83 0.74 0.12 
 0.94 0.71 0.03 
 0.93 0.85 0.05 
 0.78 0.61 0.04 
 0.81 0.66 0.13 
 0.66 0.76 0.05 
 0.83 0.66 0.56 
 0.72 1.02 0.10 
 0.81 0.56 0.04 
 0.74 0.55 0.07 
 0.86 0.66 0.06 
 0.67 0.61 0.07 
 0.82 0.59 0.04 
 0.80 0.68 0.00 
 0.87 0.73 0.01 
 0.84 0.62 0.03 
 0.83 0.56 0.02 
 0.79 0.59 0.05 
 0.79 0.59 0.02 
 0.66 0.59 0.04 
 0.92 0.68 0.07 
 0.87 0.60 0.02 
 0.91 0.69 0.02 
 0.82 0.65 0.13 
 1.02 0.86 0.34 
 0.91 0.82 0.22 
 0.92 0.84 0.10 
 1.09 0.83 0.04 
 1.02 0.68 0.02 
 0.53 0.47 0.20 
 0.70 0.73 0.25 
 0.73 0.55 0.07 
 1.07 0.64 0.11 
 1.23 0.65 0.35 
 1.09 0.48 0.17 
 0.95 0.38 0.15 
 0.85 0.32 0.07 
 0.84 0.23 0.00 
 0.93 0.26 0.02 
 0.76 0.26 0.09 
 0.88 0.41 0.11 
 0.59 0.29 0.03 
 0.80 0.32 0.07 
 0.82 0.34 0.11 
 0.79 0.29 0.12 
 0.77 0.66 0.27 
 0.83 0.38 0.22 
 0.99 0.25 0.14 
 0.86 1.01 0.22 
 0.85 0.41 0.10 
 0.58 0.41 0.24 
 0.66 0.67 0.04 
 0.59 0.56 0.39 
 0.62 0.44 0.18 
 0.21 0.79 0.25 
 0.17 0.71 0.39 
 0.07 0.75 0.39 
 0.06 0.99 0.31 
 0.22 0.80 0.02 
 0.59 1.86 0.49 
 0.33 1.18 0.36 
 0.19 0.71 0.30 
 0.27 1.19 0.10 
 0.12 1.21 0.12 
 0.16 0.80 0.40 
 0.88 0.19 0.77 
 0.84 1.20 0.53 
 0.32 1.38 0.42 
 0.96 1.15 0.64 
 0.58 0.83 0.68 
 0.35 0.81 0.56 
 0.39 1.07 0.85 
 0.17 0.74 0.50 
 0.05 0.73 0.42 
 0.05 0.82 0.19 
 0.00 0.70 0.47 
 0.10 0.64 0.34 
 0.17 0.66 0.42 
 0.10 0.48 0.59 
 0.42 0.62 0.92 
 0.29 0.48 0.55 
 0.01 0.98 0.21 
 0.14 0.39 0.57 
 0.00 0.46 0.59 
 0.20 0.23 0.88 
 0.11 0.43 0.71 
 0.04 0.33 1.51 
 0.10 0.07 0.81 
 0.13 0.16 1.53 
 0.18 0.07 1.27 
 0.22 0.35 0.61 
 0.12 0.77 2.00 
 0.19 0.56 0.52 
 0.12 0.41 2.00 
 0.19 0.27 1.00 
 0.16 0.10 1.03 
 0.15 0.42 1.17 
 0.22 0.19 1.10 
 0.42 0.14 1.76 
 0.02 0.16 0.99 
 0.34 0.06 1.14 
 0.29 0.14 0.77 
 0.28 0.18 0.94 
 0.21 0.16 0.88 
 0.08 0.37 0.86 
 0.09 0.36 0.87 
 0.44 2.00 0.78 
 0.06 0.73 0.53 
 0.21 0.62 0.87 
 0.25 0.63 0.75 
 0.25 0.65 0.60 
 0.25 0.66 0.69 
 0.24 0.65 0.70 
 0.28 0.64 0.73 
 0.27 0.65 0.68 
 0.27 0.65 0.67 
 0.28 0.67 0.69 
 0.27 0.66 0.70 
 0.25 0.65 0.68 
 0.24 0.65 0.71 
 0.22 0.68 0.65 
 0.24 0.69 0.67 
 0.26 0.69 0.67 
 0.26 0.65 0.69 
 0.26 0.67 0.68 
 0.26 0.66 0.67 
 0.28 0.66 0.66 
 0.25 0.65 0.77 
 0.22 0.57 0.69 
 0.30 0.60 0.69 
 0.27 0.68 0.70 
 0.36 0.80 0.60 
 0.24 0.68 0.70 
 0.25 0.66 0.63 
 0.26 0.65 0.72 
 0.26 0.64 0.68 
 0.27 0.70 0.64 
 0.26 0.65 0.72 
 0.23 0.68 0.67 
 0.23 0.69 0.70 
 0.26 0.69 0.68 
 0.28 0.70 0.72 
 0.25 0.71 0.69 
 0.20 0.61 0.75 
 0.20 0.63 0.73 
 0.18 0.64 0.71 
 0.18 0.71 0.68 
 0.17 0.67 0.69 
 0.18 0.61 0.67 
 0.22 0.58 0.73 
 0.24 0.60 0.82 
 0.24 0.50 0.72 
 0.20 0.44 0.69 
 0.18 0.42 0.56 
 0.26 0.75 0.74 
 0.33 0.51 1.11 
 0.26 0.54 0.52 
 0.24 0.62 0.62 
 0.17 0.60 0.87 
 0.09 0.59 0.98 
 0.32 0.29 0.54 
 0.06 0.44 0.96 
 0.20 0.53 0.84 
 0.18 0.51 0.98 
 0.24 0.50 0.82 
 0.33 0.45 0.89 
 0.30 0.52 1.06 
 0.28 0.53 0.82 
 0.28 0.50 0.88 
 0.31 0.52 0.68 
 0.31 0.52 0.65 
 0.22 0.50 0.71 
 0.27 0.47 1.00 
 0.03 0.63 0.23 
 0.15 0.35 1.42 
 0.09 0.30 0.82 
 0.16 0.19 0.85 
 0.17 0.21 1.08 
 0.04 0.39 0.86 
 0.08 0.39 0.74 
 0.10 0.38 1.08 
 0.07 0.33 1.00 
 0.09 0.50 0.82 
 0.08 0.47 0.85 
 0.00 0.54 0.89 
 0.13 0.41 1.02 
 0.64 0.00 0.78 
 0.40 0.29 1.64 
 0.22 0.11 0.73 
 0.18 0.12 1.10 
 0.02 0.25 0.70 
 0.14 0.14 1.03 
 0.12 0.17 0.98 
 0.12 0.11 1.10 
 0.12 0.17 0.91 
 0.12 0.18 0.96 
 0.10 0.15 0.90 
 0.05 0.14 1.04 
 0.08 0.16 0.99 
 0.06 0.17 1.20 
 0.11 0.18 0.90 
 0.09 0.19 0.92 
 0.10 0.16 1.00 
 0.09 0.15 1.01 
 0.12 0.15 0.98 
 0.12 0.15 1.01 
 0.09 0.26 1.03 
 0.09 0.17 0.96 
 0.11 0.14 1.02 
 0.14 0.16 1.02 
 0.11 0.17 0.96 
 0.04 0.17 0.98 
 0.10 0.17 0.96 
 0.10 0.17 1.00 
 0.12 0.34 0.93 
 0.13 0.15 0.89 
 0.12 0.17 1.03 
 0.10 0.17 0.97 
 0.10 0.17 1.00 
 0.10 0.17 0.97 
 0.10 0.17 1.00 
 0.10 0.17 0.96 
 0.10 0.16 0.99 
 0.10 0.17 0.97 
 0.10 0.16 0.98 
 0.10 0.16 0.98 
 0.10 0.17 0.98 
 0.10 0.17 0.98 
 0.10 0.17 0.98 
 0.10 0.17 0.99 
 0.10 0.17 0.99 
 0.10 0.17 0.99 
 0.10 0.17 0.98 
 0.10 0.16 0.99 
 0.10 0.17 0.97 
 0.10 0.17 0.97 
 0.10 0.17 0.98 
 0.10 0.16 0.98 
 0.10 0.17 0.98 
 0.10 0.17 0.98 
 0.10 0.17 0.99 
 0.10 0.17 0.98 
 0.10 0.17 0.98 
 0.10 0.17 0.98 
 0.10 0.17 0.98 
 0.10 0.16 0.98 
 0.10 0.17 0.98 
 0.10 0.17 0.98 
 0.10 0.17 0.98 
 0.10 0.17 0.98 
 0.10 0.17 0.98 
 0.10 0.16 1.00 
 0.10 0.17 0.98 
 0.10 0.16 0.99 
 0.10 0.17 0.98 
 0.10 0.17 0.98 
 0.10 0.16 0.99 
 0.10 0.17 0.99 
 0.10 0.17 0.98 
 0.10 0.16 0.98 
 0.10 0.16 0.98 
 0.10 0.17 0.98 
 0.10 0.17 0.99 
 0.10 0.16 1.00 
 0.10 0.17 0.99 
 0.10 0.16 0.99 
 0.10 0.17 0.98 
 0.10 0.17 0.99 
 0.10 0.17 0.97 
 0.10 0.17 0.99 
 0.10 0.17 0.98 
 0.10 0.17 0.98 
 0.10 0.17 0.98 
 0.10 0.16 0.99 
 0.10 0.17 0.98 
 0.10 0.17 0.98 
 0.10 0.17 0.98 
 0.10 0.17 0.98 
 0.10 0.16 0.98 
 0.10 0.16 0.99 
 0.10 0.17 0.98 
 0.10 0.16 0.99 
 0.10 0.16 0.98 
 0.10 0.17 0.98 
 0.10 0.17 0.98 
 0.10 0.16 0.98 
 0.10 0.17 0.99 
 0.10 0.17 0.98 
 0.10 0.17 0.99 
 0.10 0.17 0.99 
 0.10 0.16 0.98 
 0.10 0.17 0.98 
 0.10 0.17 0.98 
 0.10 0.16 0.98 
 0.10 0.17 0.99 
 0.10 0.16 0.98 
 0.10 0.16 0.98 
 0.10 0.17 0.98 
 0.10 0.16 0.98 
 0.10 0.16 0.97 
 0.10 0.16 0.98 
 0.10 0.17 0.98 
 0.10 0.17 0.99 
 0.10 0.16 0.98 
 0.10 0.16 0.99 
 0.10 0.17 0.98 
 0.10 0.17 0.98 
 0.10 0.16 0.98 
 0.10 0.16 0.99 
 0.10 0.17 0.98 
 0.10 0.17 0.98 
 0.10 0.16 0.98 
 0.10 0.16 0.98 
 0.10 0.17 0.98 
 0.10 0.16 0.98 
 0.10 0.16 0.98 
 0.10 0.16 0.98 
 0.10 0.16 0.98 
 0.10 0.16 0.98 
 0.10 0.17 0.98 
 0.10 0.17 0.98 
 0.10 0.17 0.99 
 0.10 0.17 0.98 
 0.10 0.16 0.98 
 0.10 0.16 0.99 
 0.10 0.17 0.98 
 0.10 0.17 0.98 
 0.10 0.17 0.99 
 0.10 0.16 0.98 
 0.10 0.16 0.99 
 0.10 0.17 0.99 
 0.10 0.17 0.98 
 0.10 0.16 0.98 
 0.10 0.16 0.99 
 0.10 0.17 0.98 
 0.10 0.17 0.98 
 0.10 0.17 0.98 
 0.10 0.16 0.98 
 0.10 0.16 0.99 
 0.10 0.17 0.98 
 0.10 0.17 0.98 
 0.10 0.17 0.99 
 0.10 0.16 0.98 
 0.10 0.16 0.99 
 0.10 0.16 0.98 
 0.10 0.16 0.98 
 0.10 0.16 0.98 
 0.10 0.17 0.98 
 0.10 0.16 0.98 
 0.10 0.17 0.99 
 0.10 0.16 0.99 
 0.10 0.16 0.98 
 0.10 0.16 0.98 
 0.10 0.16 0.99 
 0.10 0.17 0.98 
 0.10 0.17 0.97 
 0.10 0.16 0.98 
 0.10 0.16 0.99 
 0.10 0.17 0.99 
 0.10 0.16 1.00 
 0.11 0.17 0.99 
 0.10 0.16 0.99 
 0.10 0.17 0.99 
 0.10 0.16 0.98 
 0.10 0.16 0.98 
 0.10 0.16 0.98 
 0.10 0.16 0.98 
 0.10 0.16 0.97 
 0.09 0.16 0.99 
 0.10 0.17 0.97 
 0.10 0.16 1.00 
 0.10 0.16 0.99 
 0.10 0.16 1.00 
 0.10 0.16 0.99 
 0.10 0.17 0.99 
 0.10 0.16 0.99 
 0.10 0.16 0.99 
 0.10 0.16 0.99 
 0.10 0.16 0.98 
 0.10 0.17 0.99 
 0.10 0.16 0.98 
 0.10 0.16 0.98 
 0.10 0.16 0.98 
 0.10 0.16 0.99 
 0.10 0.17 0.98 
 0.10 0.16 0.99 
 0.10 0.16 0.99 
 0.10 0.17 0.98 
 0.10 0.16 0.98 
 0.10 0.16 0.98 
 0.10 0.17 0.98 
 0.10 0.17 0.98 
 0.10 0.17 0.98 
 0.10 0.16 0.97 
 0.10 0.16 0.98 
 0.10 0.16 0.99 
 0.10 0.16 0.99 
 0.10 0.16 0.98 
 0.10 0.16 0.98 
 0.10 0.17 0.98 
 0.10 0.17 0.99 
 0.10 0.16 0.98 
 0.10 0.16 0.98 
 0.10 0.16 0.99 
 0.10 0.16 0.98 
 0.10 0.16 0.98 
 0.10 0.16 0.99 
 0.10 0.16 0.99 
 0.10 0.16 0.97 
 0.10 0.16 0.99 
 0.10 0.16 0.98 
 0.10 0.16 0.98 
 0.10 0.16 0.97 
 0.10 0.16 0.99 
 0.10 0.17 0.97 
 0.10 0.16 0.98 
 0.10 0.16 0.98 
 0.10 0.16 0.99 
 0.10 0.16 0.98 
 0.10 0.16 0.98 
 