0.48 0.11 0.84 
 0.56 0.12 0.84 
 0.53 0.12 0.89 
 0.56 0.12 0.91 
 0.53 0.13 0.88 
 0.49 0.10 0.86 
 0.53 0.12 0.82 
 0.51 0.10 0.83 
 0.54 0.12 0.84 
 0.53 0.08 0.86 
 0.54 0.06 0.88 
 0.53 0.05 0.88 
 0.49 0.08 0.82 
 0.52 0.12 0.83 
 0.49 0.07 0.81 
 0.56 0.10 0.87 
 0.55 0.08 0.87 
 0.51 0.10 0.86 
 0.48 0.11 0.83 
 0.48 0.06 0.83 
 0.55 0.10 0.88 
 0.50 0.09 0.87 
 0.42 0.06 0.73 
 0.54 0.03 0.82 
 0.53 0.01 0.92 
 0.49 0.06 0.86 
 0.47 0.03 0.83 
 0.43 0.02 0.86 
 0.51 0.03 0.82 
 0.48 0.04 0.84 
 0.50 0.03 0.84 
 0.49 0.00 0.85 
 0.46 0.04 0.85 
 0.51 0.05 0.86 
 0.46 0.04 0.85 
 0.51 0.00 0.85 
 0.50 0.00 0.85 
 0.50 0.02 0.85 
 0.50 0.00 0.87 
 0.49 0.01 0.87 
 0.50 0.03 0.87 
 0.47 0.04 0.86 
 0.49 0.00 0.86 
 0.46 0.00 0.84 
 0.52 0.02 0.83 
 0.48 0.00 0.85 
 0.52 0.01 0.88 
 0.51 0.01 0.89 
 0.51 0.03 0.89 
 0.50 0.00 0.87 
 0.45 0.01 0.84 
 0.49 0.01 0.84 
 0.48 0.00 0.87 
 0.53 0.00 0.89 
 0.50 0.00 0.87 
 0.44 0.04 0.85 
 0.49 0.01 0.83 
 0.46 0.04 0.84 
 0.54 0.03 0.88 
 0.51 0.02 0.89 
 0.49 0.11 0.88 
 0.43 0.14 0.86 
 0.48 0.12 0.85 
 0.45 0.13 0.90 
 0.47 0.11 0.82 
 0.47 0.11 0.86 
 0.40 0.09 0.89 
 0.48 0.05 0.83 
 0.48 0.10 0.90 
 0.46 0.09 0.93 
 0.44 0.11 0.85 
 0.48 0.10 0.88 
 0.51 0.08 0.82 
 0.54 0.08 0.84 
 0.53 0.07 0.84 
 0.47 0.11 0.94 
 0.49 0.09 0.84 
 0.46 0.10 0.89 
 0.46 0.11 0.92 
 0.49 0.12 0.85 
 0.48 0.11 0.89 
 0.45 0.12 0.87 
 0.48 0.09 0.85 
 0.45 0.08 0.83 
 0.48 0.10 0.81 
 0.45 0.06 0.82 
 0.49 0.09 0.85 
 0.47 0.07 0.82 
 0.48 0.08 0.82 
 0.47 0.05 0.84 
 0.48 0.08 0.87 
 0.48 0.09 0.87 
 0.48 0.09 0.89 
 0.51 0.10 0.92 
 0.54 0.08 0.91 
 0.53 0.09 0.92 
 0.53 0.09 0.92 
 0.48 0.10 0.93 
 0.48 0.05 0.91 
 0.41 0.07 0.92 
 0.40 0.09 0.90 
 0.36 0.08 0.79 
 0.32 0.11 0.71 
 0.29 0.13 0.70 
 0.37 0.12 0.72 
 0.35 0.13 0.74 
 0.35 0.13 0.77 
 0.48 0.12 0.93 
 0.44 0.10 0.90 
 0.53 0.11 0.93 
 0.52 0.12 0.94 
 0.51 0.12 0.95 
 0.52 0.12 0.96 
 0.47 0.13 0.97 
 0.45 0.13 0.92 
 0.43 0.11 0.94 
 0.45 0.13 0.88 
 0.45 0.10 0.83 
 0.46 0.09 0.85 
 0.46 0.10 0.89 
 0.44 0.12 0.85 
 0.44 0.08 0.84 
 0.42 0.12 0.86 
 0.39 0.10 0.86 
 0.39 0.09 0.85 
 0.43 0.11 0.88 
 0.39 0.08 0.89 
 0.41 0.10 0.93 
 0.38 0.10 0.92 
 0.41 0.10 0.94 
 0.38 0.08 0.89 
 0.45 0.10 0.87 
 0.39 0.11 0.89 
 0.40 0.05 0.91 
 0.43 0.03 0.91 
 0.36 0.02 0.82 
 0.42 0.01 0.78 
 0.45 0.04 0.86 
 0.40 0.04 0.93 
 0.47 0.05 0.93 
 0.45 0.03 0.93 
 0.56 0.06 0.87 
 0.53 0.00 1.14 
 0.53 0.11 0.97 
 0.26 0.15 0.90 
 0.39 0.11 0.82 
 0.45 0.08 0.83 
 0.36 0.06 0.94 
 0.63 0.17 1.11 
 0.38 0.08 1.15 
 0.41 0.13 1.01 
 0.38 0.07 1.08 
 0.37 0.06 0.89 
 0.49 0.12 0.98 
 0.45 0.13 0.94 
 0.43 0.13 1.04 
 0.38 0.15 0.89 
 0.36 0.12 0.77 
 0.27 0.07 0.73 
 0.37 0.04 0.77 
 0.37 0.08 0.78 
 0.39 0.12 0.86 
 0.37 0.13 0.86 
 0.38 0.09 0.84 
 0.45 0.13 0.87 
 0.39 0.11 0.84 
 0.42 0.08 0.87 
 0.48 0.16 1.06 
 0.42 0.04 0.97 
 0.51 0.15 1.07 
 0.36 0.10 0.89 
 0.51 0.10 0.95 
 0.42 0.11 0.87 
 0.57 0.14 0.90 
 0.38 0.10 0.83 
 0.43 0.14 0.83 
 0.47 0.11 0.90 
 0.50 0.13 0.80 
 0.48 0.15 0.89 
 0.43 0.11 0.83 
 0.42 0.05 0.77 
 0.46 0.08 0.88 
 0.46 0.14 0.90 
 0.44 0.10 0.95 
 0.43 0.09 0.96 
 0.28 0.07 0.89 
 0.46 0.11 0.93 
 0.27 0.06 0.74 
 0.49 0.01 0.86 
 0.46 0.06 0.84 
 0.48 0.10 1.08 
 0.48 0.15 0.90 
 0.41 0.01 0.94 
 0.42 0.06 1.11 
 0.36 0.00 1.01 
 0.42 0.01 0.85 
 0.52 0.03 0.77 
 0.41 0.02 0.88 
 0.59 0.09 0.93 
 0.48 0.02 0.83 
 0.55 0.02 0.79 
 0.53 0.01 0.60 
 0.48 0.05 0.86 
 0.43 0.00 0.79 
 0.68 0.03 0.87 
 0.45 0.07 0.98 
 0.49 0.06 0.88 
 0.60 0.00 0.87 
 0.53 0.00 0.68 
 0.59 0.00 1.00 
 0.30 0.02 0.83 
 0.55 0.03 1.05 
 0.51 0.03 0.78 
 0.54 0.00 0.98 
 0.42 0.00 0.78 
 0.56 0.02 0.91 
 0.44 0.02 0.85 
 0.61 0.03 0.81 
 0.44 0.02 0.91 
 0.37 0.04 0.54 
 0.41 0.03 0.38 
 0.43 0.00 0.73 
 0.49 0.00 0.78 
 0.65 0.01 0.91 
 0.50 0.02 0.92 
 0.47 0.01 0.96 
 0.52 0.03 0.78 
 0.56 0.05 0.96 
 0.49 0.01 1.03 
 0.51 0.03 0.93 
 0.39 0.04 0.69 
 0.54 0.05 0.94 
 0.41 0.03 0.86 
 0.64 0.00 0.90 
 0.50 0.02 0.81 
 0.51 0.08 0.92 
 0.55 0.06 0.86 
 0.56 0.04 0.93 
 0.52 0.05 0.80 
 0.52 0.01 0.79 
 0.39 0.07 0.73 
 0.75 0.07 0.84 
 0.63 0.15 0.66 
 0.48 0.20 0.84 
 0.53 0.10 1.03 
 0.59 0.04 1.01 
 0.67 0.01 0.92 
 0.52 0.07 0.92 
 0.45 0.07 0.97 
 0.40 0.10 0.88 
 0.46 0.06 0.80 
 0.45 0.07 0.80 
 0.43 0.07 0.76 
 0.49 0.09 0.86 
 0.40 0.14 0.83 
 0.45 0.14 0.84 
 0.42 0.12 0.90 
 0.43 0.12 0.99 
 0.51 0.11 0.99 
 0.46 0.09 0.95 
 0.48 0.08 0.94 
 0.48 0.10 0.95 
 0.49 0.12 0.91 
 0.47 0.13 0.85 
 0.46 0.10 0.84 
 0.48 0.10 0.85 
 0.48 0.12 0.84 
 0.51 0.11 0.85 
 0.50 0.12 0.88 
 0.51 0.13 0.92 
 0.53 0.13 0.87 
 0.53 0.10 0.86 
 0.49 0.12 0.87 
 0.53 0.07 0.87 
 0.48 0.10 0.81 
 0.52 0.10 0.84 
 0.47 0.11 0.81 
 0.52 0.12 0.86 
 0.45 0.12 0.87 
 0.50 0.09 0.87 
 0.49 0.15 0.89 
 0.46 0.10 0.91 
 0.44 0.09 0.89 
 0.48 0.10 0.93 
 0.42 0.12 0.89 
 0.45 0.11 0.87 
 0.43 0.12 0.87 
 0.44 0.10 0.85 
 0.45 0.08 0.86 
 0.42 0.04 0.86 
 0.47 0.03 0.86 
 0.47 0.01 0.85 
 0.45 0.06 0.86 
 0.49 0.03 0.90 
 0.47 0.01 0.86 
 0.48 0.03 0.89 
 0.48 0.01 0.90 
 0.49 0.03 0.89 
 0.48 0.02 0.87 
 0.49 0.03 0.89 
 0.49 0.02 0.90 
 0.49 0.02 0.88 
 0.46 0.02 0.86 
 0.45 0.01 0.84 
 0.48 0.00 0.81 
 0.48 0.00 0.83 
 0.45 0.02 0.83 
 0.46 0.01 0.86 
 0.44 0.02 0.88 
 0.48 0.00 0.85 
 0.52 0.00 0.91 
 0.41 0.02 0.86 
 0.48 0.02 0.89 
 0.46 0.06 0.97 
 0.52 0.01 1.03 
 0.48 0.01 1.05 
 0.47 0.02 0.97 
 0.45 0.05 0.98 
 0.37 0.06 0.80 
 0.47 0.00 0.92 
 0.34 0.04 0.76 
 0.49 0.00 0.82 
 0.36 0.00 0.74 
 0.44 0.01 0.73 
 0.41 0.00 0.71 
 0.44 0.00 0.74 
 0.46 0.01 0.77 
 0.45 0.02 0.77 
 0.42 0.02 0.77 
 0.50 0.01 0.84 
 0.49 0.03 0.82 
 0.38 0.00 0.78 
 0.49 0.04 0.84 
 0.42 0.04 0.80 
 0.43 0.05 0.77 
 0.44 0.05 0.79 
 0.45 0.00 0.87 
 0.44 0.03 0.94 
 0.48 0.02 1.01 
 0.49 0.02 1.08 
 0.56 0.03 1.12 
 0.48 0.02 1.10 
 0.49 0.03 1.00 
 0.46 0.02 0.98 
 0.45 0.08 1.07 
 0.51 0.09 0.94 
 0.41 0.02 0.89 
 0.45 0.00 0.81 
 0.42 0.01 0.82 
 0.46 0.00 0.74 
 0.41 0.00 0.73 
 0.42 0.01 0.76 
 0.38 0.01 0.72 
 0.37 0.01 0.73 
 0.38 0.01 0.74 
 0.39 0.05 0.77 
 0.41 0.02 0.84 
 0.52 0.01 1.00 
 0.62 0.06 1.06 
 0.51 0.11 1.26 
 0.50 0.08 1.14 
 0.51 0.09 0.99 
 0.51 0.07 0.87 
 0.47 0.00 0.81 
 0.56 0.05 0.73 
 0.40 0.02 0.74 
 0.46 0.02 0.79 
 0.49 0.09 0.92 
 0.55 0.11 0.98 
 0.40 0.06 0.89 
 0.48 0.04 0.89 
 0.37 0.08 0.83 
 0.47 0.01 0.83 
 0.42 0.05 0.75 
 0.38 0.00 0.77 
 0.33 0.02 0.76 
 0.46 0.03 0.78 
 0.38 0.00 0.82 
 0.45 0.02 0.93 
 0.49 0.01 0.98 
 0.49 0.03 1.02 
 0.55 0.01 1.12 
 0.54 0.00 1.08 
 0.48 0.01 1.03 
 0.42 0.00 0.91 
 0.40 0.07 0.79 
 0.47 0.03 0.80 
 0.47 0.01 0.78 
 0.49 0.00 0.80 
 0.47 0.02 0.84 
 0.49 0.04 0.87 
 0.46 0.05 0.87 
 0.53 0.02 0.83 
 0.46 0.03 0.88 
 0.45 0.02 0.82 
 0.54 0.01 0.87 
 0.45 0.03 0.78 
 0.49 0.02 0.81 
 0.44 0.04 0.80 
 0.47 0.06 0.83 
 0.49 0.03 0.85 
 0.49 0.07 0.90 
 0.47 0.09 0.89 
 0.48 0.09 0.91 
 0.46 0.10 0.90 
 0.50 0.08 0.91 
 0.46 0.06 0.93 
 0.41 0.07 0.90 
 0.47 0.06 0.91 
 0.41 0.07 0.84 
 0.47 0.08 0.89 
 0.40 0.09 0.89 
 0.48 0.11 0.94 
 0.48 0.10 0.92 
 0.45 0.03 1.01 
 0.43 0.06 0.91 
 0.45 0.02 0.92 
 0.32 0.07 0.75 
 0.51 0.07 0.86 
 0.38 0.08 0.82 
 0.46 0.04 0.92 
 0.39 0.01 0.98 
 0.44 0.05 0.92 
 0.47 0.02 0.90 
 0.43 0.03 0.87 
 0.48 0.04 0.89 
 0.43 0.02 0.93 
 0.45 0.02 0.88 
 0.46 0.01 0.83 
 0.44 0.04 0.84 
 0.45 0.02 0.86 
 0.43 0.03 0.89 
 0.47 0.04 0.91 
 0.42 0.04 0.85 
 0.47 0.06 0.89 
 0.42 0.05 0.84 
 0.44 0.10 0.92 
 0.46 0.03 0.90 
 0.40 0.06 0.90 
 0.49 0.03 0.80 
 0.43 0.05 0.83 
 0.40 0.03 0.79 
 0.54 0.03 0.86 
 0.43 0.02 0.85 
 0.51 0.03 0.91 
 0.45 0.06 0.86 
 0.49 0.03 0.90 
 0.45 0.08 0.90 
 0.47 0.07 0.94 
 0.47 0.04 0.85 
 0.47 0.09 0.89 
 0.48 0.07 0.91 
 0.44 0.07 0.91 
 0.46 0.04 0.88 
 0.46 0.07 0.88 
 0.45 0.07 0.91 
 0.45 0.11 0.85 
 0.43 0.14 0.88 
 0.41 0.12 0.82 
 0.47 0.13 0.90 
 0.43 0.09 0.87 
 0.44 0.15 0.85 
 0.44 0.13 0.91 
 0.48 0.15 0.92 
 0.46 0.15 0.93 
 0.45 0.18 0.92 
 0.43 0.14 0.94 
 0.41 0.08 0.92 
 0.49 0.14 0.92 
 0.47 0.13 0.88 
 0.44 0.17 0.89 
 0.47 0.15 0.87 
 0.46 0.17 0.90 
 0.47 0.16 0.92 
 0.46 0.16 0.92 
 0.45 0.18 0.91 
 0.49 0.13 0.88 
 0.44 0.16 0.87 
 0.43 0.16 0.90 
 0.45 0.18 0.94 
 0.47 0.15 0.92 
 0.43 0.18 0.92 
 0.42 0.16 0.87 
 0.40 0.17 0.86 
 0.39 0.15 0.86 
 0.38 0.11 0.89 
 0.37 0.11 0.88 
 0.44 0.13 0.94 
 0.39 0.11 0.89 
 0.40 0.13 0.88 
 0.39 0.13 0.89 
 0.38 0.15 0.90 
 0.45 0.14 0.89 
 0.44 0.15 0.94 
 0.44 0.14 0.92 
 0.43 0.14 0.92 
 0.46 0.10 0.94 
 0.44 0.12 0.94 
 0.47 0.11 0.94 
 0.46 0.11 0.91 
 0.42 0.10 0.91 
 0.47 0.10 0.89 
 0.42 0.09 0.87 
 0.47 0.10 0.88 
 0.44 0.06 0.90 
 0.44 0.06 0.92 
 0.44 0.09 0.91 
 0.39 0.06 0.87 
 0.43 0.07 0.83 
 0.40 0.07 0.85 
 0.44 0.10 0.88 
 0.42 0.11 0.90 
 0.39 0.10 0.86 
 0.43 0.13 0.87 
 0.39 0.13 0.91 
 0.44 0.17 0.92 
 0.42 0.18 0.91 
 0.38 0.14 0.90 
 0.43 0.18 0.93 
 0.42 0.20 0.93 
 0.40 0.17 0.90 
 0.41 0.18 0.88 
 0.39 0.18 0.91 
 0.43 0.18 0.93 
 0.43 0.16 0.90 
 0.41 0.19 0.92 
 0.43 0.17 0.90 
 0.44 0.18 0.92 
 0.44 0.19 0.94 
 0.38 0.16 0.89 
 0.46 0.19 0.93 
 0.43 0.21 0.93 
 0.39 0.19 0.89 
 0.45 0.19 0.93 
 0.43 0.18 0.92 
 0.37 0.17 0.85 
 0.46 0.19 0.92 
 0.43 0.19 0.94 
 0.40 0.19 0.90 
 0.42 0.18 0.88 
 0.41 0.17 0.91 
 0.45 0.17 0.92 
 0.42 0.18 0.93 
 0.42 0.16 0.96 
 0.41 0.16 0.91 
 0.38 0.14 0.87 
 0.41 0.15 0.88 
 0.42 0.12 0.89 
 0.45 0.10 0.95 
 0.44 0.15 0.95 
 0.43 0.03 0.90 
 0.40 0.22 0.82 
 0.48 0.03 0.92 
 0.46 0.07 0.85 
 0.51 0.04 0.86 
 0.30 0.02 0.92 
 0.45 0.02 0.88 
 0.41 0.00 0.93 
 0.37 0.10 0.82 
 0.45 0.07 0.85 
 0.35 0.04 0.82 
 0.47 0.05 0.85 
 0.43 0.00 0.89 
 0.38 0.02 0.90 
 0.43 0.00 0.87 
 0.38 0.01 0.90 
 0.44 0.05 0.88 
 0.42 0.04 0.89 
 0.45 0.04 0.92 
 0.43 0.02 0.91 
 0.41 0.00 0.92 
 0.42 0.03 0.91 
 0.38 0.03 0.91 
 0.46 0.04 0.92 
 0.43 0.03 0.91 
 0.44 0.04 0.93 
 0.42 0.03 0.90 
 0.39 0.00 0.89 
 0.42 0.03 0.90 
 0.39 0.00 0.91 
 0.43 0.04 0.92 
 0.44 0.03 0.92 
 0.42 0.03 0.92 
 0.41 0.05 0.88 
 0.38 0.00 0.91 
 0.43 0.02 0.91 
 0.42 0.02 0.93 
 0.40 0.02 0.89 
 0.42 0.06 0.88 
 0.37 0.01 0.88 
 0.43 0.03 0.90 
 0.42 0.01 0.91 
 0.42 0.03 0.90 
 0.40 0.04 0.88 
 0.37 0.01 0.87 
 0.43 0.03 0.88 
 0.42 0.02 0.91 
 0.43 0.03 0.91 
 0.42 0.05 0.89 
 0.37 0.00 0.89 
 0.44 0.03 0.90 
 0.41 0.01 0.89 
 0.45 0.04 0.93 
 0.42 0.04 0.90 
 0.39 0.01 0.88 
 0.42 0.02 0.89 
 0.41 0.01 0.93 
 0.45 0.03 0.92 
 0.41 0.03 0.93 
 0.39 0.02 0.89 
 0.41 0.03 0.87 
 0.39 0.01 0.91 
 0.44 0.03 0.91 
 0.41 0.02 0.94 
 0.42 0.03 0.89 
 0.42 0.04 0.90 
 0.38 0.01 0.90 
 0.42 0.04 0.90 
 0.40 0.00 0.90 
 0.45 0.03 0.91 
 0.42 0.02 0.93 
 0.40 0.02 0.90 
 0.42 0.04 0.88 
 0.38 0.01 0.89 
 0.42 0.03 0.88 
 0.42 0.01 0.91 
 0.45 0.02 0.93 
 0.40 0.04 0.88 
 0.39 0.00 0.89 
 0.42 0.02 0.89 
 0.39 0.01 0.91 
 0.46 0.03 0.93 
 0.43 0.02 0.93 
 0.41 0.02 0.91 
 0.42 0.04 0.89 
 0.37 0.01 0.90 
 0.43 0.04 0.90 
 0.41 0.01 0.95 
 0.43 0.04 0.94 
 0.43 0.03 0.91 
 0.37 0.02 0.89 
 0.42 0.03 0.89 
 0.41 0.01 0.93 
 0.45 0.03 0.93 
 0.41 0.03 0.89 
 0.39 0.02 0.89 
 0.41 0.03 0.86 
 0.37 0.01 0.89 
 0.45 0.02 0.90 
 0.42 0.01 0.93 
 0.40 0.03 0.89 
 0.40 0.03 0.86 
 0.38 0.00 0.88 
 0.43 0.00 0.90 
 0.39 0.02 0.92 
 0.42 0.02 0.92 
 0.42 0.04 0.90 
 0.37 0.01 0.88 
 0.43 0.03 0.91 
 0.40 0.02 0.91 
 0.44 0.03 0.92 
 0.43 0.03 0.90 
 0.38 0.02 0.89 
 0.42 0.02 0.89 
 0.41 0.01 0.91 
 0.44 0.02 0.92 
 0.43 0.03 0.92 
 0.39 0.01 0.90 
 0.41 0.03 0.88 
 0.38 0.00 0.90 
 0.44 0.03 0.90 
 0.40 0.02 0.93 
 0.42 0.02 0.90 
 0.40 0.04 0.88 
 0.38 0.01 0.88 
 0.45 0.02 0.92 
 0.41 0.01 0.92 
 0.43 0.02 0.91 
 0.40 0.04 0.88 
 0.37 0.00 0.88 
 0.44 0.02 0.89 
 0.40 0.01 0.94 
 0.43 0.03 0.92 
 0.41 0.04 0.90 
 0.35 0.02 0.91 
 0.42 0.02 0.89 
 0.40 0.00 0.92 
 0.46 0.02 0.93 
 0.43 0.03 0.92 
 0.40 0.02 0.90 
 0.42 0.03 0.88 
 0.40 0.00 0.89 
 0.44 0.01 0.89 
 0.42 0.00 0.93 
 0.41 0.02 0.88 
 0.41 0.04 0.87 
 0.38 0.01 0.87 
 0.45 0.02 0.89 
 0.43 0.01 0.92 
 0.42 0.01 0.92 
 0.43 0.05 0.87 
 0.37 0.01 0.89 
 0.44 0.02 0.90 
 0.41 0.01 0.90 
 0.44 0.03 0.92 
 0.42 0.03 0.89 
 0.37 0.02 0.89 
 0.42 0.02 0.89 
 0.41 0.00 0.91 
 0.45 0.02 0.94 
 0.42 0.04 0.90 
 0.38 0.00 0.89 
 0.43 0.03 0.88 
 0.40 0.00 0.91 
 0.45 0.02 0.92 
 0.44 0.02 0.92 
 0.38 0.01 0.90 
 0.41 0.02 0.86 
 0.39 0.00 0.90 
 0.45 0.02 0.92 
 0.43 0.02 0.91 
 0.39 0.01 0.90 
 0.42 0.03 0.87 
 0.39 0.01 0.89 
 0.45 0.03 0.90 
 0.43 0.02 0.92 
 0.40 0.03 0.89 
 0.42 0.03 0.88 
 0.38 0.00 0.88 
 0.44 0.03 0.90 
 0.44 0.02 0.93 
 0.40 0.02 0.91 
 0.42 0.04 0.89 
 0.38 0.00 0.89 
 0.45 0.03 0.90 
 0.43 0.01 0.95 
 0.41 0.03 0.92 
 0.43 0.05 0.90 
 0.37 0.01 0.90 
 0.43 0.03 0.90 
 0.43 0.00 0.94 
 0.41 0.02 0.92 
 0.41 0.04 0.87 
 0.36 0.00 0.90 
 0.42 0.03 0.88 
 0.42 0.01 0.93 
 0.42 0.03 0.90 
 0.42 0.04 0.88 
 0.36 0.00 0.89 
 0.43 0.02 0.90 
 0.41 0.01 0.90 
 0.46 0.02 0.92 
 0.41 0.03 0.89 
 0.37 0.00 0.90 
 0.42 0.01 0.89 
 0.41 0.01 0.90 
 0.46 0.02 0.91 
 0.43 0.04 0.90 
 0.38 0.01 0.90 
 0.44 0.02 0.89 
 0.40 0.00 0.89 
 0.46 0.02 0.92 
 0.43 0.03 0.90 
 0.39 0.02 0.90 
 0.42 0.03 0.87 
 0.39 0.01 0.90 
 0.44 0.01 0.92 
 0.47 0.03 0.91 
 0.40 0.00 0.88 
 0.41 0.00 0.88 
 0.38 0.04 0.88 
 0.45 0.02 0.91 
 0.41 0.04 0.93 
 0.41 0.04 0.89 
 0.41 0.00 0.87 
 0.36 0.05 0.91 
 0.45 0.02 0.88 
 0.40 0.04 0.92 
 0.41 0.03 0.88 
 0.41 0.01 0.89 
 0.39 0.06 0.90 
 0.45 0.03 0.89 
 0.38 0.05 0.93 
 0.46 0.04 0.91 
 0.41 0.03 0.91 
 0.37 0.06 0.90 
 0.44 0.08 0.91 
 0.42 0.13 0.94 
 0.44 0.13 0.89 
 0.43 0.10 0.91 
 0.38 0.15 0.93 
 0.45 0.10 0.86 
 0.43 0.08 0.92 
 0.40 0.07 0.86 
 0.43 0.08 0.88 
 0.41 0.06 0.92 
 0.40 0.06 0.82 
 0.44 0.02 0.87 
 0.41 0.00 0.94 
 0.42 0.03 0.84 
 0.42 0.05 0.89 
 0.37 0.01 0.91 
 0.48 0.03 0.86 
 0.41 0.03 0.90 
 0.38 0.03 0.86 
 0.45 0.05 0.89 
 0.39 0.02 0.91 
 0.50 0.05 0.92 
 0.44 0.04 0.91 
 0.41 0.03 0.90 
 0.46 0.05 0.89 
 0.41 0.02 0.90 
 0.46 0.04 0.90 
 0.45 0.03 0.91 
 0.40 0.03 0.89 
 0.44 0.03 0.89 
 0.39 0.00 0.90 
 0.44 0.03 0.87 
 0.45 0.02 0.94 
 0.40 0.01 0.86 
 0.41 0.04 0.89 
 0.38 0.01 0.92 
 0.45 0.02 0.89 
 0.43 0.01 0.93 
 0.39 0.01 0.88 
 0.43 0.03 0.89 
 0.39 0.00 0.92 
 0.46 0.01 0.88 
 0.43 0.01 0.92 
 0.40 0.00 0.90 
 0.43 0.00 0.89 
 0.37 0.03 0.90 
 0.48 0.02 0.89 
 0.42 0.01 0.91 
 0.43 0.02 0.88 
 0.44 0.00 0.88 
 0.38 0.03 0.90 
 0.49 0.01 0.89 
 0.41 0.01 0.91 
 0.45 0.00 0.88 
 0.43 0.02 0.87 
 0.38 0.01 0.88 
 0.46 0.00 0.90 
 0.43 0.02 0.90 
 0.46 0.01 0.87 
 0.44 0.01 0.88 
 0.42 0.00 0.89 
 0.45 0.01 0.89 
 0.39 0.05 0.90 
 0.48 0.05 0.85 
 0.43 0.07 0.90 
 0.45 0.06 0.87 
 0.42 0.05 0.88 
 0.41 0.07 0.86 
 0.46 0.03 0.88 
 0.40 0.08 0.89 
 0.47 0.06 0.87 
 0.43 0.05 0.85 
 0.45 0.05 0.86 
 0.43 0.04 0.87 
 0.42 0.06 0.86 
 0.43 0.05 0.85 
 0.44 0.07 0.88 
 0.43 0.05 0.88 
 0.46 0.04 0.88 
 0.46 0.05 0.88 
 0.45 0.11 0.91 
 0.43 0.11 0.86 
 0.43 0.11 0.85 
 0.46 0.11 0.84 
 0.50 0.13 0.87 
 0.48 0.13 0.82 
 0.46 0.10 0.81 
 0.47 0.13 0.80 
 0.49 0.06 0.78 
 0.50 0.11 0.87 
 0.47 0.11 0.82 
 0.52 0.08 0.83 
 0.55 0.12 0.84 
 0.52 0.08 0.85 
 0.52 0.11 0.87 
 0.52 0.12 0.86 
 0.52 0.06 0.82 
 0.49 0.07 0.81 
 0.52 0.09 0.83 
 0.56 0.07 0.84 
 0.53 0.09 0.79 
 0.52 0.07 0.80 
 0.55 0.05 0.90 
 0.54 0.02 0.89 
 0.51 0.02 0.84 
 0.52 0.03 0.81 
 0.55 0.04 0.81 
 0.56 0.02 0.86 
 0.56 0.00 0.86 
 0.55 0.02 0.82 
 0.53 0.02 0.78 
 0.54 0.05 0.83 
 0.58 0.05 0.83 
 0.54 0.03 0.82 
 0.51 0.05 0.84 
 0.54 0.03 0.85 
 0.54 0.02 0.81 
 0.51 0.00 0.84 
 0.61 0.06 0.89 
 0.62 0.09 0.82 
 0.51 0.10 0.76 
 0.51 0.01 0.72 
 0.53 0.08 0.77 
 0.58 0.08 0.75 
 0.61 0.06 0.77 
 0.57 0.06 0.84 
 0.56 0.06 0.77 
 0.58 0.11 0.79 
 0.56 0.02 0.77 
 0.67 0.08 0.84 
 0.58 0.07 0.79 
 0.59 0.03 0.78 
 0.65 0.04 0.79 
 0.62 0.03 0.84 
 0.62 0.06 0.81 
 0.67 0.11 0.78 
 0.58 0.04 0.74 
 0.60 0.01 0.71 
 0.58 0.01 0.69 
 0.66 0.01 0.75 
 0.62 0.03 0.74 
 0.65 0.02 0.79 
 0.65 0.04 0.82 
 0.61 0.04 0.79 
 0.65 0.04 0.82 
 0.64 0.03 0.80 
 0.60 0.01 0.80 
 0.61 0.04 0.80 
 0.61 0.04 0.75 
 0.63 0.03 0.77 
 0.60 0.03 0.73 
 0.63 0.02 0.78 
 0.62 0.02 0.75 
 0.63 0.05 0.73 
 0.61 0.02 0.75 
 0.59 0.00 0.76 
 0.60 0.02 0.77 
 0.62 0.03 0.80 
 0.61 0.01 0.80 
 0.59 0.01 0.85 
 0.60 0.01 0.83 
 0.62 0.02 0.85 
 0.60 0.02 0.81 
 0.59 0.04 0.79 
 0.57 0.04 0.81 
 0.58 0.04 0.79 
 0.61 0.07 0.78 
 0.53 0.07 0.76 
 0.56 0.07 0.77 
 0.59 0.07 0.82 
 0.61 0.07 0.84 
 0.56 0.09 0.82 
 0.55 0.06 0.82 
 0.53 0.07 0.83 
 0.57 0.06 0.82 
 0.52 0.08 0.78 
 0.56 0.06 0.83 
 0.52 0.06 0.79 
 0.57 0.10 0.83 
 0.52 0.09 0.79 
 0.56 0.11 0.82 
 0.50 0.12 0.79 
 0.58 0.12 0.87 
 0.55 0.09 0.79 
 0.58 0.10 0.86 
 0.55 0.08 0.89 
 0.62 0.11 0.84 
 0.56 0.10 0.80 
 0.57 0.12 0.79 
 0.53 0.07 0.81 
 0.60 0.09 0.84 
 0.58 0.09 0.79 
 0.53 0.09 0.76 
 0.54 0.06 0.82 
 0.59 0.10 0.81 
 0.52 0.08 0.81 
 0.51 0.08 0.81 
 0.55 0.06 0.86 
 0.50 0.06 0.84 
 0.53 0.06 0.82 
 0.48 0.06 0.84 
 0.46 0.07 0.86 
 0.53 0.08 0.92 
 0.47 0.07 0.87 
 0.49 0.11 0.85 
 0.53 0.12 0.84 
 0.49 0.07 0.86 
 0.55 0.08 0.85 
 0.53 0.12 0.88 
 0.51 0.10 0.87 
 0.51 0.11 0.77 
 0.53 0.09 0.79 
 0.41 0.09 0.77 
 0.50 0.10 0.84 
 0.51 0.12 0.90 
 0.45 0.11 0.83 
 0.50 0.08 0.86 
 0.47 0.06 0.82 
 0.55 0.09 0.82 
 0.52 0.13 0.83 
 0.57 0.15 0.84 
 0.55 0.15 0.86 
 0.53 0.10 0.84 
 0.49 0.10 0.84 
 0.51 0.11 0.90 
 0.48 0.11 0.88 
 0.46 0.06 0.84 
 0.51 0.09 0.86 
 0.51 0.10 0.86 
 0.47 0.07 0.83 
 0.49 0.09 0.88 
 0.44 0.11 0.90 
 0.45 0.10 0.88 
 0.45 0.09 0.92 
 0.47 0.10 0.87 
 0.50 0.13 0.89 
 0.48 0.11 0.88 
 0.41 0.09 0.81 
 0.45 0.09 0.80 
 0.42 0.06 0.79 
 0.47 0.07 0.83 
 0.44 0.07 0.91 
 0.46 0.10 0.86 
 0.45 0.09 0.84 
 0.41 0.11 0.89 
 0.48 0.09 0.82 
 0.42 0.08 0.80 
 0.53 0.09 0.92 
 0.44 0.12 0.87 
 0.48 0.09 0.86 
 0.50 0.06 0.86 
 0.50 0.05 0.87 
 0.43 0.07 0.87 
 0.51 0.08 0.95 
 0.43 0.04 0.91 
 0.34 0.06 0.89 
 0.47 0.09 0.85 
 0.40 0.06 0.82 
 0.41 0.06 0.89 
 0.45 0.06 0.87 
 0.39 0.01 0.85 
 0.45 0.02 0.96 
 0.49 0.02 0.94 
 0.56 0.00 0.89 
 0.35 0.00 0.88 
 0.53 0.05 0.93 
 0.47 0.04 0.91 
 0.51 0.05 0.87 
 0.44 0.00 0.76 
 0.48 0.04 0.79 
 0.43 0.02 0.75 
 0.44 0.00 0.70 
 0.44 0.01 0.87 
 0.46 0.04 0.87 
 0.41 0.00 0.90 
 0.40 0.04 0.86 
 0.42 0.00 0.84 
 0.43 0.00 1.01 
 0.40 0.01 0.92 
 0.48 0.00 0.92 
 0.44 0.02 0.88 
 0.43 0.01 0.76 
 0.46 0.00 0.86 
 0.41 0.00 0.82 
 0.43 0.00 0.82 
 0.46 0.00 0.82 
 0.46 0.00 0.87 
 0.46 0.03 0.84 
 0.45 0.01 0.79 
 0.47 0.01 0.83 
 0.41 0.04 0.82 
 0.49 0.00 0.81 
 0.44 0.00 0.74 
 0.50 0.00 0.83 
 0.47 0.02 0.90 
 0.46 0.01 0.80 
 0.50 0.02 0.83 
 0.42 0.02 0.85 
 0.54 0.02 0.83 
 0.41 0.02 0.74 
 0.52 0.00 0.85 
 0.46 0.04 0.85 
 0.54 0.03 0.88 
 0.51 0.03 0.82 
 0.49 0.00 0.83 
 0.52 0.00 0.86 
 0.44 0.04 0.86 
 0.45 0.04 0.79 
 0.41 0.01 0.76 
 0.47 0.02 0.79 
 0.46 0.05 0.80 
 0.42 0.02 0.95 
 0.45 0.01 0.88 
 0.54 0.00 0.93 
 0.51 0.06 0.85 
 0.46 0.02 0.79 
 0.46 0.03 0.81 
 0.51 0.00 0.83 
 0.49 0.05 0.88 
 0.50 0.04 0.89 
 0.49 0.02 0.89 
 0.47 0.09 0.85 
 0.51 0.05 0.87 
 0.37 0.10 0.77 
 0.49 0.07 0.85 
 0.48 0.06 0.88 
 0.44 0.01 0.82 
 0.50 0.12 0.84 
 0.38 0.21 0.86 
 0.48 0.15 1.06 
 0.49 0.08 0.88 
 0.52 0.10 0.89 
 0.37 0.04 0.98 
 0.43 0.07 0.92 
 0.53 0.04 0.97 
 0.40 0.06 0.87 
 0.46 0.07 0.84 
 0.45 0.08 0.80 
 0.43 0.07 0.79 
 0.46 0.07 0.85 
 0.47 0.05 0.89 
 0.46 0.06 0.88 
 0.42 0.09 0.87 
 0.50 0.02 0.87 
 0.49 0.04 0.89 
 0.49 0.03 0.86 
 0.47 0.01 0.90 
 0.45 0.01 0.82 
 0.55 0.01 0.79 
 0.50 0.02 0.77 
 0.55 0.00 0.84 
 0.48 0.02 0.82 
 0.49 0.01 0.92 
 0.46 0.02 0.90 
 0.45 0.03 0.94 
 0.39 0.01 0.81 
 0.48 0.00 0.81 
 0.37 0.02 0.80 
 0.51 0.00 0.83 
 0.45 0.00 0.88 
 0.46 0.01 0.85 
 0.45 0.01 0.84 
 0.46 0.02 0.92 
 0.51 0.01 1.02 
 0.40 0.06 0.92 
 0.41 0.01 0.89 
 0.46 0.03 0.87 
 0.43 0.00 0.85 
 0.51 0.04 0.93 
 0.49 0.08 0.87 
 0.50 0.02 0.90 
 0.44 0.01 0.81 
 0.50 0.04 0.85 
 0.42 0.04 0.85 
 0.43 0.10 0.83 
 0.51 0.10 0.89 
 0.47 0.04 0.88 
 0.49 0.04 0.90 
 0.48 0.06 0.86 
 0.53 0.09 0.92 
 0.48 0.08 0.87 
 0.52 0.09 0.89 
 0.46 0.11 0.88 
 0.46 0.05 0.90 
 0.41 0.08 0.83 
 0.45 0.07 0.85 
 0.46 0.08 0.86 
 0.44 0.10 0.82 
 0.46 0.09 0.87 
 0.44 0.08 0.86 
 0.49 0.05 0.90 
 0.49 0.04 0.86 
 0.45 0.07 0.85 
 0.45 0.07 0.91 
 0.47 0.04 0.85 
 0.52 0.06 0.88 
 0.47 0.06 0.83 
 0.56 0.11 0.87 
 0.49 0.04 0.84 
 0.48 0.07 0.84 
 0.52 0.06 0.85 
 0.53 0.05 0.88 
 0.54 0.06 0.98 
 0.54 0.02 0.97 
 0.45 0.03 0.83 
 0.46 0.02 0.87 
 0.44 0.04 0.82 
 0.50 0.03 0.88 
 0.40 0.00 0.72 
 0.53 0.00 0.83 
 0.53 0.01 0.86 
 0.52 0.00 0.90 
 0.61 0.01 1.05 
 0.52 0.00 1.10 
 0.59 0.02 1.14 
 0.51 0.01 1.04 
 0.45 0.00 0.92 
 0.40 0.00 0.75 
 0.46 0.00 0.70 
 0.42 0.02 0.69 
 0.41 0.02 0.69 
 0.49 0.02 0.73 
 0.47 0.03 0.75 
 0.48 0.03 0.75 
 0.48 0.00 0.74 
 0.41 0.00 0.78 
 0.37 0.01 0.74 
 0.37 0.04 0.69 
 0.41 0.02 0.79 
 0.46 0.07 0.91 
 0.46 0.02 1.02 
 0.46 0.02 0.93 
 0.58 0.01 0.92 
 0.53 0.00 0.98 
 0.51 0.06 1.05 
 0.58 0.00 0.94 
 0.46 0.07 0.91 
 0.56 0.02 0.93 
 0.47 0.02 0.93 
 0.52 0.06 0.96 
 0.55 0.04 1.10 
 0.54 0.03 1.10 
 0.55 0.00 0.89 
 0.36 0.04 0.94 
 0.41 0.02 0.75 
 0.48 0.01 0.77 
 0.36 0.02 0.80 
 0.47 0.00 0.88 
 0.46 0.00 0.88 
 0.51 0.05 0.88 
 0.46 0.01 0.76 
 0.47 0.00 0.92 
 0.47 0.06 0.86 
 0.51 0.06 0.92 
 0.50 0.04 0.85 
 0.44 0.00 0.82 
 0.45 0.01 0.74 
 0.45 0.00 0.81 
 0.42 0.00 0.83 
 0.39 0.02 0.79 
 0.38 0.03 0.71 
 0.37 0.02 0.77 
 0.39 0.01 0.85 
 0.52 0.03 0.93 
 0.40 0.03 0.98 
 0.48 0.05 1.03 
 0.44 0.02 0.96 
 0.46 0.01 0.97 
 0.42 0.02 1.06 
 0.42 0.01 1.04 
 0.43 0.00 0.95 
 0.35 0.00 0.83 
 0.46 0.01 0.84 
 0.37 0.02 0.80 
 0.51 0.02 0.89 
 0.47 0.02 0.95 
 0.47 0.01 0.89 
 0.46 0.01 0.80 
 0.45 0.00 0.86 
 0.54 0.02 0.93 
 0.35 0.00 0.79 
 0.46 0.01 0.81 
 0.42 0.01 0.83 
 0.46 0.02 0.87 
 0.40 0.00 0.83 
 0.41 0.00 0.81 
 0.45 0.02 0.87 
 0.42 0.04 0.92 
 0.46 0.00 0.94 
 0.40 0.01 0.92 
 0.48 0.02 0.86 
 0.46 0.02 0.91 
 0.44 0.03 0.90 
 0.47 0.04 0.95 
 0.41 0.01 0.78 
 0.41 0.01 0.82 
 0.47 0.02 0.86 
 0.43 0.00 0.85 
 0.50 0.02 0.88 
 0.40 0.03 0.98 
 0.43 0.02 0.86 
 0.48 0.02 0.84 
 0.50 0.00 0.85 
 0.36 0.05 0.86 
 0.47 0.00 0.84 
 0.39 0.00 0.80 
 0.48 0.01 0.85 
 0.44 0.01 0.90 
 0.42 0.02 0.93 
 0.47 0.02 0.90 
 0.49 0.01 0.85 
 0.39 0.01 0.86 
 0.48 0.01 0.78 
 0.50 0.03 0.82 
 0.42 0.01 0.83 
 0.51 0.00 0.89 
 0.42 0.01 0.89 
 0.54 0.00 0.97 
 0.48 0.00 0.91 
 0.42 0.01 0.77 
 0.37 0.06 0.73 
 0.42 0.02 0.84 
 0.36 0.03 0.82 
 0.48 0.01 0.83 
 0.39 0.02 0.87 
 0.41 0.02 0.88 
 0.45 0.01 0.86 
 0.36 0.03 0.79 
 0.50 0.03 0.85 
 0.38 0.04 0.89 
 0.44 0.01 0.88 
 0.38 0.03 0.86 
 0.45 0.04 0.91 
 0.49 0.02 0.90 
 0.38 0.02 0.89 
 0.39 0.00 0.87 
 0.39 0.03 0.90 
 0.45 0.04 0.90 
 0.43 0.01 0.81 
 0.46 0.01 0.93 
 0.38 0.02 0.91 
 0.43 0.01 0.94 
 0.38 0.02 0.90 
 0.44 0.03 0.83 
 0.41 0.00 0.95 
 0.39 0.00 0.96 
 0.41 0.00 0.98 
 0.40 0.01 0.97 
 0.45 0.02 0.95 
 0.37 0.05 0.81 
 0.33 0.01 0.92 
 0.42 0.00 0.90 
 0.33 0.03 0.91 
 0.40 0.01 0.91 
 0.38 0.02 0.83 
 0.37 0.00 0.89 
 0.42 0.04 1.02 
 0.27 0.06 0.83 
 0.50 0.03 0.98 
 0.28 0.03 0.93 
 0.43 0.03 0.95 
 0.39 0.00 0.97 
 0.39 0.01 0.84 
 0.40 0.02 0.89 
 0.35 0.02 0.82 
 0.42 0.01 0.93 
 0.46 0.03 0.86 
 0.43 0.03 0.86 
 0.43 0.01 0.88 
 0.48 0.00 0.95 
 0.45 0.00 1.00 
 0.32 0.00 1.00 
 0.52 0.01 1.06 
 0.44 0.04 0.88 
 0.45 0.02 0.97 
 0.48 0.00 0.90 
 0.39 0.01 0.93 
 0.49 0.00 0.93 
 0.43 0.03 0.85 
 0.45 0.05 0.90 
 0.43 0.01 0.91 
 0.42 0.02 0.86 
 0.50 0.02 0.87 
 0.45 0.01 0.86 
 0.47 0.00 0.90 
 0.46 0.00 0.84 
 0.42 0.00 0.85 
 0.41 0.00 0.85 
 0.45 0.00 0.85 
 0.50 0.01 0.87 
 0.47 0.00 0.83 
 0.45 0.02 0.98 
 0.41 0.02 0.86 
 0.48 0.01 0.95 
 0.42 0.00 0.90 
 0.50 0.00 0.91 
 0.45 0.02 0.84 
 0.48 0.02 0.88 
 0.50 0.04 0.94 
 0.40 0.01 0.77 
 0.45 0.01 0.89 
 0.43 0.02 0.81 
 0.54 0.02 0.84 
 0.45 0.03 0.81 
 0.52 0.00 0.84 
 0.58 0.01 0.89 
 0.49 0.03 1.09 
 0.56 0.02 0.89 
 0.56 0.04 0.98 
 0.51 0.00 0.89 
 0.48 0.00 0.93 
 0.48 0.00 0.88 
 0.44 0.00 0.90 
 0.43 0.02 0.77 
 0.53 0.02 0.82 
 0.42 0.00 0.83 
 0.51 0.02 0.87 
 0.52 0.04 0.85 
 0.55 0.00 0.91 
 0.53 0.00 0.92 
 0.45 0.05 0.89 
 0.50 0.06 0.85 
 0.59 0.02 0.87 
 0.49 0.02 0.86 
 0.50 0.00 0.81 
 0.56 0.00 0.87 
 0.43 0.03 0.78 
 0.47 0.06 0.80 
 0.51 0.05 0.84 
 0.48 0.08 0.82 
 0.44 0.01 0.78 
 0.47 0.05 0.79 
 0.58 0.05 0.92 
 0.48 0.06 0.80 
 0.51 0.07 0.84 
 0.55 0.10 0.90 
 0.58 0.07 0.90 
 0.54 0.08 0.94 
 0.51 0.06 0.87 
 0.51 0.11 0.89 
 0.54 0.08 0.86 
 0.50 0.09 0.79 
 0.57 0.09 0.86 
 0.49 0.07 0.85 
 0.54 0.10 0.87 
 0.51 0.09 0.87 
 0.51 0.10 0.86 
 0.56 0.08 0.85 
 0.50 0.08 0.82 
 0.48 0.07 0.84 
 0.39 0.10 0.82 
 0.51 0.12 0.90 
 0.48 0.02 0.86 
 0.45 0.11 0.87 
 0.50 0.10 0.86 
 0.36 0.08 0.80 
 0.47 0.08 0.88 
 0.51 0.08 0.92 
 0.46 0.07 0.87 
 0.51 0.00 0.95 
 0.45 0.04 0.87 
 0.47 0.00 0.81 
 0.43 0.02 0.87 
 0.46 0.03 0.89 
 0.45 0.00 0.83 
 0.50 0.00 0.84 
 0.54 0.00 0.87 
 0.46 0.01 0.81 
 0.51 0.01 0.83 
 0.52 0.04 0.82 
 0.49 0.00 0.89 
 0.51 0.00 0.90 
 0.53 0.02 1.01 
 0.43 0.03 0.83 
 0.46 0.03 0.83 
 0.47 0.05 0.86 
 0.44 0.05 0.88 
 0.40 0.02 0.86 
 0.52 0.02 0.88 
 0.51 0.03 0.89 
 0.42 0.06 0.84 
 0.51 0.13 0.87 
 0.49 0.11 0.85 
 0.47 0.10 0.84 
 0.51 0.11 0.89 
 0.43 0.12 0.92 
 0.50 0.08 0.88 
 0.48 0.12 0.84 
 0.49 0.10 0.89 
 0.35 0.16 0.78 
 0.55 0.19 0.95 
 0.43 0.09 0.89 
 0.57 0.11 0.97 
 0.49 0.13 0.98 
 0.52 0.16 0.95 
 0.52 0.09 0.93 
 0.49 0.14 0.85 
 0.49 0.13 0.83 
 0.45 0.14 0.85 
 0.50 0.10 0.86 
 0.45 0.17 0.83 
 0.54 0.13 0.91 
 0.52 0.07 0.86 
 0.53 0.12 0.87 
 0.47 0.12 0.87 
 0.49 0.10 0.95 
 0.47 0.15 0.92 
 0.61 0.10 0.96 
 0.55 0.08 0.87 
 0.46 0.09 0.88 
 0.50 0.10 0.93 
 0.53 0.08 0.83 
 0.49 0.10 0.81 
 0.55 0.08 0.81 
 0.47 0.10 0.76 
 0.60 0.08 0.87 
 0.51 0.08 0.79 
 0.52 0.06 0.90 
 0.52 0.00 0.87 
 0.57 0.02 0.76 
 0.52 0.01 0.89 
 0.51 0.06 0.79 
 0.54 0.05 0.83 
 0.52 0.03 0.89 
 0.56 0.01 0.89 
 0.50 0.01 0.87 
 0.55 0.02 0.81 
 0.57 0.01 0.81 
 0.55 0.01 0.86 
 0.52 0.00 0.82 
 0.55 0.00 0.82 
 0.53 0.03 0.85 
 0.66 0.00 0.86 
 0.57 0.00 0.81 
 0.54 0.00 0.85 
 0.58 0.00 0.89 
 0.59 0.00 0.88 
 0.56 0.03 0.89 
 0.53 0.00 0.92 
 0.55 0.03 0.87 
 0.55 0.00 0.79 
 0.52 0.01 0.82 
 0.53 0.02 0.83 
 0.54 0.00 0.78 
 0.64 0.00 0.85 
 0.54 0.01 0.79 
 0.55 0.02 0.81 
 0.54 0.00 0.80 
 0.54 0.01 0.75 
 0.58 0.00 0.76 
 0.53 0.00 0.77 
 0.58 0.02 0.83 
 0.66 0.00 0.86 
 0.57 0.00 0.86 
 0.60 0.00 0.83 
 0.61 0.00 0.81 
 0.56 0.02 0.81 
 0.58 0.06 0.79 
 0.59 0.03 0.77 
 0.65 0.01 0.87 
 0.59 0.06 0.85 
 0.68 0.02 0.90 
 0.66 0.01 0.79 
 0.62 0.04 0.78 
 0.63 0.02 0.87 
 0.52 0.06 0.77 
 0.63 0.03 0.83 
 0.63 0.04 0.82 
 0.68 0.02 0.83 
 0.73 0.08 0.83 
 0.56 0.09 0.73 
 0.69 0.04 0.81 
 0.58 0.07 0.83 
 0.59 0.07 0.79 
 0.64 0.05 0.90 
 0.54 0.09 0.78 
 0.61 0.05 0.82 
 0.57 0.04 0.77 
 0.65 0.05 0.83 
 0.57 0.04 0.81 
 0.58 0.01 0.78 
 0.53 0.06 0.74 
 0.62 0.03 0.80 
 0.58 0.07 0.69 
 0.56 0.05 0.74 
 0.59 0.07 0.78 
 0.61 0.03 0.71 
 0.66 0.05 0.81 
 0.63 0.04 0.97 
 0.69 0.04 0.94 
 0.54 0.00 0.88 
 0.50 0.04 0.86 
 0.53 0.07 0.85 
 0.46 0.06 0.73 
 0.56 0.05 0.85 
 0.42 0.07 0.81 
 0.51 0.06 0.80 
 0.52 0.08 0.84 
 0.52 0.07 0.83 
 0.55 0.08 0.84 
 0.49 0.08 0.82 
 0.56 0.10 0.88 
 0.51 0.10 0.79 
 0.58 0.14 0.88 
 0.52 0.14 0.88 
 0.59 0.10 0.88 
 0.59 0.10 0.90 
 0.57 0.19 0.97 
 0.61 0.15 0.98 
 0.58 0.16 0.95 
 0.57 0.13 0.93 
 0.52 0.13 0.87 
 0.51 0.12 0.86 
 0.47 0.12 0.84 
 0.43 0.14 0.81 
 0.46 0.13 0.83 
 0.44 0.07 0.84 
 0.44 0.07 0.84 
 0.46 0.08 0.92 
 0.47 0.05 0.87 
 0.45 0.09 0.90 
 0.42 0.06 0.89 
 0.48 0.02 1.00 
 0.48 0.00 1.05 
 0.50 0.03 1.03 
 0.36 0.01 0.99 
 0.41 0.04 0.90 
 0.42 0.02 0.81 
 0.41 0.03 0.77 
 0.38 0.00 0.77 
 0.43 0.01 0.78 
 0.42 0.05 0.81 
 0.47 0.02 0.82 
 0.47 0.04 0.82 
 0.51 0.03 0.82 
 0.46 0.00 0.76 
 0.42 0.02 0.76 
 0.48 0.01 0.81 
 0.50 0.02 0.90 
 0.51 0.02 0.90 
 0.52 0.00 0.93 
 0.44 0.00 0.98 
 0.46 0.00 0.98 
 0.44 0.01 0.98 
 0.43 0.03 0.98 
 0.43 0.00 1.02 
 0.42 0.01 0.96 
 0.44 0.01 0.98 
 0.38 0.02 0.92 
 0.42 0.03 0.85 
 0.42 0.04 0.89 
 0.45 0.02 0.86 
 0.47 0.00 0.93 
 0.44 0.00 0.90 
 0.44 0.00 0.89 
 0.40 0.02 0.82 
 0.44 0.00 0.87 
 0.38 0.00 0.84 
 0.41 0.00 0.81 
 0.41 0.01 0.83 
 0.40 0.01 0.83 
 0.45 0.00 0.84 
 0.44 0.00 0.85 
 0.44 0.01 0.86 
 0.49 0.01 0.90 
 0.46 0.01 0.90 
 0.49 0.02 0.97 
 0.45 0.01 0.96 
 0.49 0.04 0.94 
 0.49 0.01 0.95 
 0.50 0.01 0.95 
 0.51 0.02 0.95 
 0.47 0.02 0.90 
 0.51 0.03 0.90 
 0.46 0.04 0.88 
 0.47 0.04 0.86 
 0.48 0.05 0.86 
 0.45 0.05 0.84 
 0.48 0.04 0.83 
 0.44 0.04 0.82 
 0.45 0.02 0.84 
 0.45 0.01 0.84 
 0.45 0.01 0.86 
 0.41 0.01 0.82 
 0.38 0.00 0.86 
 0.40 0.01 0.90 
 0.40 0.00 0.92 
 0.46 0.00 0.95 
 0.45 0.00 1.00 
 0.45 0.03 0.98 
 0.42 0.05 0.94 
 0.46 0.02 0.92 
 0.45 0.01 0.89 
 0.46 0.04 0.90 
 0.48 0.02 0.88 
 0.50 0.04 0.85 
 0.51 0.05 0.85 
 0.48 0.04 0.84 
 0.47 0.01 0.85 
 0.49 0.06 0.88 
 0.49 0.04 0.87 
 0.47 0.05 0.87 
 0.47 0.02 0.86 
 0.48 0.05 0.88 
 0.49 0.04 0.87 
 0.45 0.06 0.88 
 0.48 0.04 0.89 
 0.46 0.05 0.89 
 0.44 0.05 0.89 
 0.42 0.04 0.89 
 0.43 0.10 0.92 
 0.45 0.12 0.98 
 0.42 0.13 0.95 
 0.41 0.13 0.89 
 0.39 0.12 0.87 
 0.42 0.14 0.86 
 0.44 0.13 0.87 
 0.43 0.15 0.85 
 0.42 0.12 0.84 
 0.44 0.15 0.85 
 0.44 0.13 0.89 
 0.45 0.14 0.91 
 0.44 0.14 0.87 
 0.43 0.15 0.85 
 0.44 0.11 0.87 
 0.44 0.14 0.89 
 0.46 0.14 0.89 
 0.44 0.15 0.91 
 0.46 0.12 0.91 
 0.44 0.13 0.91 
 0.45 0.11 0.89 
 0.48 0.14 0.92 
 0.44 0.09 0.91 
 0.49 0.13 0.91 
 0.47 0.11 0.87 
 0.49 0.12 0.85 
 0.46 0.14 0.87 
 0.45 0.11 0.89 
 0.48 0.13 0.89 
 0.44 0.10 0.87 
 0.44 0.12 0.88 
 0.44 0.11 0.85 
 0.39 0.10 0.85 
 0.39 0.10 0.85 
 0.39 0.11 0.88 
 0.40 0.11 0.90 
 0.41 0.10 0.92 
 0.40 0.05 0.91 
 0.42 0.06 0.90 
 0.40 0.05 0.85 
 0.42 0.05 0.90 
 0.38 0.07 0.89 
 0.42 0.08 0.90 
 0.41 0.13 0.88 
 0.41 0.08 0.85 
 0.38 0.06 0.85 
 0.39 0.09 0.96 
 0.38 0.07 0.95 
 0.45 0.07 0.96 
 0.40 0.05 0.92 
 0.41 0.07 0.91 
 0.41 0.07 0.93 
 0.39 0.07 0.88 
 0.43 0.07 0.87 
 0.36 0.05 0.87 
 0.43 0.05 0.89 
 0.44 0.06 0.95 
 0.39 0.07 0.95 
 0.42 0.07 0.90 
 0.42 0.08 0.91 
 0.44 0.05 0.94 
 0.43 0.05 0.97 
 0.39 0.04 0.95 
 0.39 0.03 0.93 
 0.38 0.05 0.92 
 0.39 0.07 0.90 
 0.40 0.10 0.88 
 0.39 0.09 0.84 
 0.41 0.08 0.81 
 0.41 0.09 0.86 
 0.41 0.07 0.87 
 0.39 0.08 0.88 
 0.39 0.08 0.90 
 0.36 0.07 0.88 
 0.40 0.09 0.94 
 0.38 0.08 0.90 
 0.44 0.11 0.93 
 0.42 0.12 0.92 
 0.48 0.10 0.90 
 0.51 0.12 0.89 
 0.52 0.13 0.88 
 0.52 0.10 0.89 
 0.47 0.08 0.83 
 0.50 0.08 0.84 
 0.47 0.08 0.82 
 0.47 0.06 0.80 
 0.50 0.09 0.84 
 0.47 0.08 0.86 
 0.48 0.10 0.87 
 0.49 0.11 0.88 
 0.46 0.10 0.88 
 0.49 0.11 0.91 
 0.46 0.12 0.89 
 0.51 0.14 0.90 
 0.47 0.15 0.87 
 0.51 0.16 0.88 
 0.47 0.17 0.85 
 0.48 0.13 0.84 
 0.48 0.13 0.88 
 0.44 0.13 0.82 
 0.50 0.12 0.85 
 0.47 0.12 0.86 
 0.50 0.13 0.89 
 0.48 0.14 0.90 
 0.47 0.14 0.87 
 0.44 0.12 0.82 
 0.45 0.12 0.79 
 0.45 0.14 0.81 
 0.43 0.17 0.86 
 0.46 0.17 0.83 
 0.48 0.13 0.83 
 0.41 0.17 0.79 
 0.46 0.16 0.80 
 0.46 0.17 0.82 
 0.51 0.24 0.90 
 0.51 0.17 0.87 
 0.48 0.16 0.80 
 0.55 0.15 0.86 
 0.50 0.19 0.85 
 0.46 0.15 0.81 
 0.50 0.14 0.78 
 0.46 0.14 0.80 
 0.51 0.15 0.85 
 0.48 0.13 0.87 
 0.45 0.15 0.88 
 0.49 0.15 0.85 
 0.50 0.14 0.87 
 0.49 0.15 0.82 
 0.52 0.15 0.81 
 0.48 0.16 0.80 
 0.45 0.14 0.77 
 0.55 0.18 0.82 
 0.49 0.16 0.82 
 0.51 0.17 0.81 
 0.55 0.15 0.78 
 0.51 0.13 0.81 
 0.55 0.12 0.87 
 0.57 0.19 0.92 
 0.48 0.13 0.84 
 0.49 0.12 0.82 
 0.49 0.13 0.86 
 0.51 0.14 0.90 
 0.51 0.15 0.92 
 0.46 0.10 0.88 
 0.49 0.11 0.90 
 0.45 0.12 0.88 
 0.46 0.13 0.84 
 0.46 0.13 0.90 
 0.46 0.11 0.87 
 0.51 0.14 0.85 
 0.42 0.12 0.86 
 0.49 0.14 0.84 
 0.51 0.10 0.82 
 0.51 0.11 0.82 
 0.52 0.10 0.84 
 0.53 0.10 0.84 
 0.54 0.14 0.84 
 0.50 0.12 0.74 
 0.52 0.10 0.73 
 0.52 0.13 0.75 
 0.55 0.10 0.76 
 0.51 0.13 0.79 
 0.54 0.14 0.82 
 0.55 0.19 0.85 
 0.53 0.15 0.88 
 0.55 0.18 0.85 
 0.53 0.16 0.89 
 0.58 0.18 0.88 
 0.57 0.16 0.88 
 0.56 0.15 0.84 
 0.55 0.17 0.83 
 0.57 0.16 0.84 
 0.55 0.20 0.82 
 0.54 0.18 0.78 
 0.57 0.19 0.78 
 0.57 0.16 0.74 
 0.60 0.14 0.72 
 0.54 0.15 0.70 
 0.55 0.17 0.74 
 0.57 0.17 0.68 
 0.60 0.12 0.75 
 0.59 0.14 0.80 
 0.58 0.16 0.84 
 0.61 0.12 0.83 
 0.58 0.13 0.85 
 0.55 0.18 0.86 
 0.68 0.13 0.79 
 0.58 0.14 0.80 
 0.56 0.18 0.80 
 0.66 0.18 0.75 
 0.60 0.16 0.77 
 0.55 0.15 0.76 
 0.59 0.17 0.81 
 0.59 0.14 0.80 
 0.63 0.12 0.74 
 0.56 0.15 0.81 
 0.60 0.17 0.82 
 0.63 0.18 0.75 
 0.66 0.13 0.81 
 0.55 0.14 0.73 
 0.62 0.15 0.72 
 0.60 0.16 0.72 
 0.63 0.11 0.73 
 0.67 0.11 0.70 
 0.63 0.10 0.74 
 0.58 0.09 0.68 
 0.60 0.15 0.73 
 0.71 0.17 0.79 
 0.70 0.14 0.94 
 0.62 0.15 0.71 
 0.66 0.16 0.75 
 0.55 0.12 0.71 
 0.58 0.14 0.71 
 0.56 0.15 0.75 
 0.57 0.17 0.74 
 0.60 0.16 0.78 
 0.56 0.08 0.67 
 0.58 0.12 0.73 
 0.57 0.10 0.73 
 0.68 0.11 0.76 
 0.65 0.15 0.82 
 0.69 0.14 0.83 
 0.69 0.14 0.88 
 0.61 0.08 0.78 
 0.66 0.09 0.84 
 0.66 0.13 0.76 
 0.57 0.10 0.75 
 0.63 0.12 0.73 
 0.62 0.10 0.75 
 0.68 0.13 0.75 
 0.60 0.13 0.79 
 0.67 0.14 0.76 
 0.63 0.14 0.75 
 0.57 0.13 0.76 
 0.58 0.17 0.71 
 0.60 0.11 0.72 
 0.59 0.13 0.82 
 0.58 0.23 0.72 
 0.64 0.15 0.74 
 0.60 0.17 0.79 
 0.58 0.11 0.88 
 0.70 0.18 0.93 
 0.62 0.16 0.86 
 0.64 0.17 0.83 
 0.66 0.14 0.78 
 0.65 0.16 0.83 
 0.62 0.14 0.78 
 0.61 0.16 0.76 
 0.58 0.10 0.64 
 0.61 0.19 0.85 
 0.53 0.12 0.80 
 0.58 0.19 0.81 
 0.53 0.14 0.80 
 0.54 0.17 0.85 
 0.45 0.15 0.87 
 0.50 0.13 0.77 
 0.45 0.17 0.85 
 0.49 0.14 0.80 
 0.45 0.17 0.82 
 0.38 0.21 0.89 
 0.50 0.15 0.86 
 0.37 0.18 0.90 
 0.39 0.19 0.89 
 0.53 0.18 0.94 
 0.35 0.13 0.82 
 0.36 0.19 0.92 
 0.43 0.25 0.99 
 0.51 0.18 0.86 
 0.43 0.16 0.85 
 0.38 0.18 0.90 
 0.33 0.17 0.83 
 0.48 0.21 0.89 
 0.47 0.21 0.83 
 0.52 0.24 0.85 
 0.51 0.23 0.84 
 0.42 0.20 0.83 
 0.40 0.19 0.77 
 0.51 0.21 0.83 
 0.45 0.24 0.87 
 0.48 0.20 0.81 
 0.48 0.21 0.92 
 0.48 0.19 0.80 
 0.45 0.28 0.96 
 0.49 0.22 0.88 
 0.42 0.18 0.93 
 0.44 0.22 0.84 
 0.45 0.16 0.78 
 0.46 0.24 0.91 
 0.47 0.19 0.82 
 0.40 0.18 0.90 
 0.43 0.15 0.86 
 0.37 0.12 0.89 
 0.43 0.17 0.92 
 0.38 0.19 0.88 
 0.41 0.21 0.88 
 0.38 0.20 0.89 
 0.44 0.21 0.95 
 0.42 0.16 0.95 
 0.34 0.23 1.00 
 0.43 0.21 0.94 
 0.47 0.23 1.01 
 0.43 0.16 0.86 
 0.30 0.22 0.85 
 0.38 0.16 0.84 
 0.45 0.14 0.71 
 0.49 0.19 0.82 
 0.39 0.21 0.90 
 0.39 0.20 0.95 
 0.38 0.16 0.91 
 0.39 0.19 0.89 
 0.37 0.17 0.90 
 0.42 0.21 0.88 
 0.49 0.16 0.91 
 0.36 0.17 0.84 
 0.45 0.18 0.86 
 0.39 0.19 0.84 
 0.43 0.16 0.86 
 0.38 0.21 0.90 
 0.41 0.17 0.80 
 0.48 0.14 0.83 
 0.41 0.23 1.08 
 0.35 0.16 0.87 
 0.38 0.21 0.85 
 0.43 0.17 0.84 
 0.39 0.22 0.83 
 0.43 0.20 0.91 
 0.44 0.17 0.85 
 0.38 0.19 0.90 
 0.39 0.16 0.91 
 0.33 0.14 0.90 
 0.36 0.24 0.98 
 0.44 0.13 0.95 
 0.28 0.15 0.85 
 0.32 0.22 1.02 
 0.43 0.16 0.91 
 0.36 0.16 0.86 
 0.26 0.18 0.80 
 0.38 0.18 0.83 
 0.37 0.14 0.81 
 0.31 0.20 0.95 
 0.32 0.24 0.92 
 0.51 0.23 1.04 
 0.42 0.13 0.96 
 0.30 0.19 0.98 
 0.31 0.20 1.01 
 0.35 0.19 0.91 
 0.44 0.15 0.93 
 0.37 0.15 0.79 
 0.34 0.17 0.99 
 0.23 0.21 0.86 
 0.49 0.18 0.91 
 0.38 0.22 0.91 
 0.34 0.15 0.82 
 0.32 0.17 0.78 
 0.33 0.18 0.82 
 0.47 0.20 0.93 
 0.40 0.16 0.98 
 0.47 0.21 1.07 
 0.46 0.18 1.00 
 0.47 0.21 1.05 
 0.38 0.19 0.91 
 0.49 0.23 1.06 
 0.20 0.12 0.87 
 0.41 0.15 0.77 
 0.30 0.20 0.80 
 0.24 0.08 0.68 
 0.45 0.14 0.83 
 0.29 0.11 0.83 
 0.42 0.10 0.86 
 0.38 0.10 0.90 
 0.34 0.09 0.87 
 0.49 0.13 0.95 
 0.34 0.07 0.89 
 0.45 0.13 0.93 
 0.43 0.14 0.96 
 0.38 0.10 0.95 
 0.39 0.11 0.88 
 0.40 0.11 0.85 
 0.29 0.20 0.92 
 0.43 0.14 0.79 
 0.50 0.17 0.82 
 0.36 0.15 0.85 
 0.45 0.16 0.88 
 0.39 0.14 0.90 
 0.39 0.14 0.94 
 0.38 0.11 0.95 
 0.49 0.16 0.98 
 0.39 0.16 0.92 
 0.47 0.18 0.87 
 0.49 0.14 0.85 
 0.39 0.18 0.84 
 0.45 0.12 0.75 
 0.38 0.12 0.79 
 0.41 0.10 0.81 
 0.42 0.14 0.86 
 0.44 0.13 0.89 
 0.46 0.13 0.94 
 0.47 0.12 0.98 
 0.45 0.11 0.92 
 0.45 0.09 0.96 
 0.37 0.09 0.96 
 0.47 0.08 0.99 
 0.41 0.14 0.94 
 0.46 0.13 0.94 
 0.40 0.09 0.81 
 0.45 0.11 0.85 
 0.43 0.10 0.88 
 0.47 0.07 0.83 
 0.46 0.08 0.92 
 0.44 0.14 0.86 
 0.50 0.12 0.91 
 0.36 0.12 0.79 
 0.47 0.05 0.86 
 0.43 0.11 0.92 
 0.45 0.08 0.90 
 0.44 0.11 0.92 
 0.43 0.08 0.85 
 0.47 0.13 0.94 
 0.45 0.13 0.90 
 0.48 0.11 0.88 
 0.43 0.10 0.91 
 0.39 0.07 0.83 
 0.45 0.10 0.88 
 0.43 0.08 0.83 
 0.36 0.09 0.87 
 0.45 0.11 0.89 
 0.37 0.08 0.87 
 0.44 0.12 0.89 
 0.44 0.10 0.89 
 0.42 0.11 0.90 
 0.45 0.11 0.87 
 0.48 0.11 0.83 
 0.46 0.08 0.84 
 0.43 0.09 0.88 
 0.40 0.06 0.83 
 0.39 0.08 0.85 
 0.46 0.07 0.88 
 0.39 0.06 0.83 
 0.46 0.06 0.86 
 0.36 0.05 0.84 
 0.43 0.08 0.89 
 0.42 0.06 0.88 
 0.44 0.08 0.86 
 0.45 0.06 0.89 
 0.46 0.07 0.92 
 0.51 0.09 0.96 
 0.47 0.08 0.92 
 0.40 0.08 0.87 
 0.45 0.08 0.80 
 0.42 0.06 0.78 
 0.54 0.04 0.78 
 0.46 0.05 0.86 
 0.43 0.04 0.87 
 0.47 0.06 0.86 
 0.42 0.04 0.86 
 0.43 0.05 0.93 
 0.46 0.06 0.93 
 0.46 0.09 0.98 
 0.46 0.05 0.89 
 0.39 0.03 0.88 
 0.48 0.02 0.90 
 0.42 0.05 0.83 
 0.44 0.01 0.87 
 0.42 0.02 0.85 
 0.41 0.05 0.87 
 0.56 0.07 0.84 
 0.46 0.02 0.89 
 0.48 0.03 0.89 
 0.50 0.00 0.92 
 0.50 0.04 0.89 
 0.55 0.05 0.92 
 0.45 0.06 0.85 
 0.54 0.05 0.82 
 0.43 0.00 0.80 
 0.47 0.00 0.77 
 0.49 0.00 0.78 
 0.39 0.02 0.78 
 0.48 0.04 0.91 
 0.41 0.00 0.86 
 0.50 0.04 0.95 
 0.43 0.00 0.96 
 0.50 0.06 0.94 
 0.45 0.02 0.90 
 0.44 0.01 0.86 
 0.50 0.02 0.85 
 0.42 0.00 0.82 
 0.47 0.03 0.91 
 0.46 0.02 0.83 
 0.49 0.03 0.81 
 0.47 0.00 0.81 
 0.47 0.03 0.90 
 0.41 0.00 0.82 
 0.46 0.02 0.86 
 0.47 0.02 0.85 
 0.47 0.00 0.82 
 0.44 0.02 0.83 
 0.47 0.00 0.87 
 0.49 0.03 0.88 
 0.47 0.02 0.83 
 0.47 0.00 0.83 
 0.41 0.03 0.88 
 0.44 0.02 0.86 
 0.52 0.03 0.85 
 0.42 0.01 0.81 
 0.47 0.02 0.88 
 0.48 0.01 0.84 
 0.52 0.03 0.89 
 0.52 0.00 0.88 
 0.47 0.00 0.93 
 0.46 0.05 0.90 
 0.46 0.02 0.83 
 0.47 0.00 0.85 
 0.49 0.04 0.94 
 0.53 0.00 0.95 
 0.48 0.08 0.93 
 0.47 0.05 0.86 
 0.46 0.02 0.81 
 0.47 0.01 0.81 
 0.47 0.04 0.87 
 0.48 0.01 0.82 
 0.50 0.02 0.93 
 0.49 0.02 0.90 
 0.45 0.02 0.87 
 0.48 0.03 0.83 
 0.43 0.03 0.78 
 0.43 0.02 0.76 
 0.46 0.00 0.86 
 0.43 0.02 0.90 
 0.49 0.03 0.86 
 0.42 0.01 0.88 
 0.48 0.03 0.87 
 0.50 0.03 0.93 
 0.47 0.00 0.91 
 0.49 0.04 0.88 
 0.49 0.04 0.89 
 0.43 0.00 0.78 
 0.52 0.03 0.84 
 0.48 0.01 0.88 
 0.47 0.01 0.87 
 0.45 0.02 0.87 
 0.44 0.02 0.83 
 0.49 0.03 0.86 
 0.44 0.00 0.85 
 0.50 0.00 0.89 
 0.44 0.02 0.83 
 0.51 0.03 0.97 
 0.56 0.03 1.02 
 0.32 0.02 1.00 
 0.48 0.02 0.90 
 0.48 0.00 0.94 
 0.48 0.01 0.91 
 0.46 0.00 0.90 
 0.41 0.00 0.93 
 0.43 0.00 0.93 
 0.39 0.02 0.93 
 0.48 0.04 0.89 
 0.44 0.00 0.85 
 0.44 0.02 0.87 
 0.44 0.00 0.91 
 0.44 0.00 0.91 
 0.49 0.00 0.98 
 0.41 0.01 0.95 
 0.43 0.01 0.96 
 0.49 0.00 0.93 
 0.51 0.02 1.00 
 0.45 0.01 0.83 
 0.46 0.06 0.84 
 0.36 0.00 0.85 
 0.39 0.00 0.78 
 0.41 0.00 0.82 
 0.33 0.01 0.80 
 0.44 0.00 0.86 
 0.34 0.00 0.77 
 0.35 0.01 0.76 
 0.31 0.00 0.69 
 0.44 0.01 0.83 
 0.31 0.04 0.79 
 0.43 0.02 0.86 
 0.38 0.03 0.80 
 0.42 0.00 0.85 
 0.41 0.00 0.94 
 0.44 0.00 0.96 
 0.42 0.00 1.00 
 0.43 0.02 1.00 
 0.43 0.01 1.06 
 0.39 0.00 1.02 
 0.39 0.01 0.94 
 0.38 0.04 0.89 
 0.39 0.05 0.86 
 0.38 0.04 0.83 
 0.34 0.05 0.80 
 0.40 0.03 0.85 
 0.40 0.00 0.90 
 0.41 0.00 0.93 
 0.44 0.02 0.91 
 0.47 0.05 0.90 
 0.46 0.03 0.87 
 0.41 0.05 0.87 
 0.42 0.09 0.87 
 0.44 0.04 0.91 
 0.44 0.04 0.87 
 0.45 0.06 0.92 
 0.44 0.07 0.92 
 0.46 0.10 1.01 
 0.43 0.05 0.92 
 0.50 0.08 0.91 
 0.53 0.07 0.97 
 0.47 0.07 0.98 
 0.50 0.07 0.93 
 0.41 0.11 0.83 
 0.41 0.08 0.79 
 0.42 0.13 0.79 
 0.43 0.15 0.82 
 0.34 0.18 0.79 
 0.40 0.14 0.89 
 0.43 0.17 0.92 
 0.50 0.15 0.93 
 0.51 0.13 0.98 
 0.51 0.13 0.98 
 0.48 0.18 1.03 
 0.44 0.20 0.95 
 0.49 0.14 0.93 
 0.47 0.17 0.93 
 0.46 0.14 0.84 
 0.46 0.10 0.83 
 0.45 0.08 0.82 
 0.47 0.12 0.86 
 0.47 0.10 0.87 
 0.48 0.10 0.88 
 0.47 0.10 0.89 
 0.44 0.10 0.87 
 0.48 0.09 0.91 
 0.45 0.09 0.88 
 0.44 0.08 0.89 
 0.45 0.09 0.90 
 0.39 0.09 0.91 
 0.45 0.09 0.89 
 0.41 0.08 0.88 
 0.46 0.08 0.88 
 0.43 0.05 0.89 
 0.48 0.07 0.89 
 0.46 0.05 0.92 
 0.43 0.06 0.91 
 0.45 0.06 0.87 
 0.41 0.06 0.86 
 0.47 0.05 0.90 
 0.47 0.07 0.91 
 0.40 0.06 0.84 
 0.44 0.04 0.87 
 0.45 0.10 0.88 
 0.41 0.08 0.87 
 0.45 0.09 0.88 
 0.45 0.10 0.91 
 0.46 0.11 0.92 
 0.46 0.09 0.90 
 0.42 0.13 0.90 
 0.44 0.13 0.88 
 0.47 0.13 0.89 
 0.43 0.14 0.90 
 0.46 0.12 0.95 
 0.45 0.08 0.96 
 0.40 0.09 0.91 
 0.50 0.06 0.94 
 0.44 0.08 0.94 
 0.39 0.07 0.89 
 0.45 0.08 0.87 
 0.44 0.10 0.91 
 0.41 0.08 0.89 
 0.44 0.09 0.86 
 0.45 0.07 0.89 
 0.45 0.09 0.89 
 0.44 0.09 0.85 
 0.43 0.06 0.89 
 0.48 0.06 0.94 
 0.45 0.08 0.92 
 0.40 0.03 0.88 
 0.48 0.09 0.91 
 0.50 0.03 1.00 
 0.44 0.03 0.91 
 0.44 0.10 0.92 
 0.38 0.13 0.91 
 0.45 0.12 0.90 
 0.42 0.06 0.88 
 0.39 0.04 0.88 
 0.43 0.01 0.87 
 0.42 0.02 0.88 
 0.46 0.08 0.92 
 0.42 0.09 0.90 
 0.43 0.10 0.88 
 0.40 0.08 0.90 
 0.39 0.05 0.87 
 0.43 0.03 0.86 
 0.41 0.04 0.87 
 0.45 0.05 0.88 
 0.43 0.07 0.89 
 0.42 0.08 0.88 
 0.40 0.07 0.90 
 0.41 0.08 0.92 
 0.43 0.04 0.88 
 0.40 0.04 0.89 
 0.45 0.04 0.92 
 0.40 0.06 0.89 
 0.46 0.07 0.94 
 0.41 0.08 0.90 
 0.47 0.06 0.90 
 0.44 0.05 0.90 
 0.43 0.04 0.88 
 0.43 0.03 0.90 
 0.38 0.07 0.87 
 0.44 0.07 0.89 
 0.40 0.09 0.89 
 0.46 0.07 0.89 
 0.41 0.06 0.89 
 0.44 0.05 0.86 
 0.43 0.04 0.88 
 0.38 0.06 0.87 
 0.47 0.07 0.91 
 0.39 0.07 0.90 
 0.50 0.08 0.85 
 0.40 0.05 0.92 
 0.38 0.05 0.91 
 0.46 0.06 0.91 
 0.39 0.07 0.93 
 0.44 0.06 0.90 
 0.45 0.06 0.90 
 0.38 0.07 0.87 
 0.45 0.05 0.90 
 0.41 0.06 0.89 
 0.48 0.07 0.90 
 0.44 0.06 0.91 
 0.39 0.07 0.88 
 0.43 0.07 0.91 
 0.39 0.06 0.90 
 0.46 0.06 0.89 
 0.42 0.04 0.89 
 0.40 0.06 0.88 
 0.48 0.12 0.91 
 
