0.16 0.20 -0.98 
0.16 0.20 -0.98 
0.16 0.21 -0.98 
0.16 0.21 -0.98 
0.16 0.20 -0.98 
0.16 0.21 -0.98 
0.16 0.20 -0.98 
0.16 0.20 -0.98 
0.15 0.20 -0.98 
0.16 0.20 -0.97 
0.16 0.20 -0.98 
0.16 0.20 -0.99 
0.16 0.20 -0.98 
0.16 0.20 -0.98 
0.16 0.20 -0.98 
0.16 0.20 -0.98 
0.16 0.21 -0.98 
0.16 0.20 -0.98 
0.16 0.20 -0.98 
0.16 0.20 -0.98 
0.15 0.20 -0.97 
0.16 0.20 -0.98 
0.16 0.21 -0.99 
0.16 0.20 -0.98 
0.15 0.20 -0.98 
0.16 0.20 -0.98 
0.16 0.20 -0.98 
0.16 0.21 -0.98 
0.16 0.20 -0.97 
0.16 0.20 -0.98 
0.16 0.20 -0.98 
0.16 0.20 -0.98 
0.16 0.20 -0.99 
0.16 0.20 -0.98 
0.16 0.20 -0.98 
0.16 0.20 -0.98 
0.16 0.20 -0.98 
0.16 0.20 -0.98 
0.16 0.20 -0.98 
0.16 0.20 -0.98 
0.16 0.20 -0.98 
0.16 0.20 -0.98 
0.16 0.20 -0.97 
0.16 0.20 -0.97 
0.16 0.20 -0.97 
0.16 0.20 -0.98 
0.16 0.20 -0.97 
0.16 0.20 -0.98 
0.16 0.20 -1.00 
0.16 0.20 -0.99 
0.16 0.21 -0.98 
0.16 0.20 -0.99 
0.16 0.20 -0.98 
0.16 0.20 -0.98 
0.16 0.20 -0.98 
0.16 0.20 -0.98 
0.16 0.20 -0.98 
0.16 0.20 -0.98 
0.16 0.20 -0.98 
0.16 0.20 -0.98 
0.61 0.43 0.06 
0.40 1.99 -0.49 
-2.00 -2.00 -1.49 
-0.22 0.45 -0.13 
0.62 1.99 -0.60 
-2.00 -2.00 -2.00 
-0.52 0.30 0.00 
1.44 1.41 -1.28 
-2.00 -2.00 -0.92 
-0.75 -0.32 0.25 
1.81 1.99 -0.54 
-2.00 -2.00 -0.78 
-0.07 0.37 0.10 
1.44 1.99 0.09 
-2.00 -2.00 -0.66 
0.10 1.06 0.26 
-0.89 1.99 0.25 
-1.90 -1.82 -0.68 
1.04 1.89 0.23 
-2.00 -1.08 -0.01 
-1.31 -1.46 -1.00 
1.77 1.97 -0.91 
-2.00 -2.00 0.54 
-1.18 -0.53 -1.09 
1.65 1.99 -0.59 
-2.00 -2.00 -0.86 
-0.75 -0.25 -0.37 
1.30 1.99 -0.26 
-1.64 -1.60 -0.13 
-0.13 0.10 -0.31 
1.38 1.46 0.02 
-2.00 -2.00 0.70 
-0.95 -0.76 -0.49 
0.86 0.54 0.36 
-0.32 -0.05 -1.44 
-1.65 -2.00 -1.17 
1.27 0.82 0.17 
-0.27 -0.20 -0.67 
-1.86 -2.00 -1.36 
0.42 0.52 0.21 
1.64 1.60 0.47 
-2.00 -2.00 -0.40 
-0.43 -0.91 -0.47 
0.72 -0.15 0.17 
1.18 0.26 0.58 
-0.58 -1.05 -0.37 
-1.18 -2.00 -0.78 
0.86 0.56 0.75 
0.92 1.59 0.25 
-1.29 -2.00 -1.67 
-0.01 -0.51 0.01 
1.04 0.24 0.88 
0.78 0.18 0.38 
-0.36 -2.00 -1.41 
0.46 -0.83 0.07 
0.50 -0.61 0.08 
0.48 -0.54 0.34 
0.52 -0.78 0.18 
0.19 -0.88 0.46 
0.68 0.35 0.88 
0.10 0.72 -1.49 
-2.00 -2.00 -0.71 
-0.90 -0.40 0.51 
1.60 1.27 -0.06 
-0.43 -0.17 -0.58 
-2.00 -2.00 -0.33 
-0.60 -0.60 -0.67 
1.52 1.20 0.35 
-0.34 0.05 -0.38 
-2.00 -2.00 -0.70 
-0.45 -0.39 -0.38 
1.50 1.18 0.36 
-0.17 0.15 0.10 
-1.96 -2.00 -0.93 
-0.34 -0.54 -0.56 
1.55 1.15 0.09 
0.09 0.06 -0.25 
-1.55 -2.00 -0.70 
-0.03 -0.52 -0.50 
0.83 0.03 0.12 
0.72 -0.71 -0.15 
0.60 -0.95 -0.14 
0.74 -0.56 0.01 
0.95 0.28 0.47 
0.57 0.82 -0.42 
-2.00 -2.00 -1.40 
-1.07 -1.21 -0.53 
1.79 1.81 0.59 
-0.49 0.21 -0.47 
-2.00 -2.00 -0.57 
-0.48 0.01 -0.33 
1.88 1.99 0.73 
-1.51 -1.87 -1.39 
-1.14 -2.00 -0.94 
0.96 0.98 0.36 
0.55 0.96 -0.79 
-2.00 -2.00 -0.99 
-0.42 -0.37 -0.50 
1.90 1.99 0.36 
-1.50 -2.00 -0.79 
-0.89 -1.74 -0.91 
0.63 0.77 0.06 
1.03 1.14 0.19 
-1.68 -2.00 -0.97 
-0.09 -0.94 -0.64 
0.93 0.28 0.03 
0.60 -0.40 -0.16 
0.40 -0.73 -0.37 
0.20 -0.94 -0.45 
0.01 -0.88 -0.52 
0.02 -0.55 -0.80 
-0.14 -0.58 -0.70 
0.00 0.13 -0.69 
