0.55 0.80 0.08 
 0.79 1.03 0.04 
 1.08 0.67 0.00 
 0.94 0.59 0.12 
 0.58 0.57 0.16 
 0.73 0.64 0.24 
 0.62 0.59 0.09 
 0.62 0.62 0.10 
 0.51 0.70 0.08 
 0.50 0.65 0.20 
 0.43 0.73 0.25 
 0.51 0.86 0.10 
 0.90 0.89 0.37 
 0.85 1.08 0.31 
 0.66 0.55 0.17 
 0.98 0.23 0.05 
 0.67 0.83 0.00 
 0.49 1.18 0.29 
 0.56 0.61 0.12 
 0.65 0.60 0.07 
 0.56 0.73 0.00 
 0.55 0.85 0.16 
 0.58 0.80 0.07 
 0.58 0.76 0.02 
 0.75 0.63 0.64 
 0.76 0.76 0.33 
 0.61 0.83 0.18 
 0.69 0.79 0.14 
 0.79 0.70 0.15 
 0.69 0.67 0.11 
 0.88 0.65 0.15 
 0.68 0.70 0.01 
 0.44 0.86 0.16 
 0.76 0.72 0.06 
 1.04 1.25 0.28 
 0.96 0.38 0.27 
 0.89 0.60 0.06 
 0.94 0.48 0.01 
 0.90 0.20 0.31 
 0.91 0.04 0.29 
 0.89 0.45 0.08 
 0.69 0.05 1.02 
 0.61 0.56 0.00 
 1.02 0.32 0.03 
 0.97 0.00 0.05 
 1.04 0.32 0.17 
 1.06 0.52 0.36 
 0.91 0.22 0.13 
 0.81 0.21 0.30 
 0.82 0.44 0.01 
 0.46 0.21 0.34 
 1.15 0.10 0.15 
 1.13 0.72 0.15 
 0.67 0.39 0.73 
 1.06 0.51 0.53 
 1.01 0.52 0.05 
 0.42 1.09 0.07 
 1.32 0.32 0.65 
 1.08 0.64 0.60 
 0.52 0.75 0.21 
 0.50 1.06 0.19 
 0.35 0.93 0.11 
 0.39 0.90 0.07 
 0.39 0.99 0.01 
 0.41 1.09 0.06 
 0.43 1.11 0.05 
 0.44 1.09 0.07 
 0.39 1.14 0.04 
 0.38 1.14 0.01 
 0.41 1.08 0.02 
 0.43 1.13 0.14 
 0.22 1.13 0.20 
 0.12 0.97 0.19 
 0.01 0.88 0.18 
 0.06 0.81 0.13 
 0.06 0.75 0.11 
 0.00 0.80 0.14 
 0.15 0.89 0.05 
 0.18 1.08 0.12 
 0.17 1.67 0.26 
 0.49 1.19 0.34 
 0.52 1.12 0.21 
 0.44 0.95 0.08 
 0.39 0.81 0.09 
 0.39 0.84 0.04 
 0.34 0.91 0.15 
 0.39 0.97 0.12 
 0.34 1.01 0.11 
 0.21 1.01 0.18 
 0.25 1.06 0.13 
 0.17 1.27 0.17 
 0.24 1.26 0.20 
 0.24 1.04 0.21 
 0.26 0.96 0.04 
 0.16 0.99 0.10 
 0.06 0.93 0.12 
 0.08 0.83 0.10 
 0.03 0.78 0.08 
 0.07 0.79 0.03 
 0.15 0.83 0.06 
 0.25 0.92 0.01 
 0.34 1.04 0.10 
 0.28 1.33 0.13 
 0.27 1.49 0.29 
 0.54 1.00 0.27 
 0.44 1.01 0.10 
 0.34 0.93 0.21 
 0.37 0.89 0.12 
 0.36 0.82 0.20 
 0.32 0.84 0.13 
 0.25 1.00 0.22 
 0.28 0.96 0.28 
 0.31 1.06 0.17 
 0.36 1.16 0.15 
 0.23 1.39 0.26 
 0.22 1.15 0.25 
 0.28 1.05 0.12 
 0.16 1.02 0.06 
 0.02 0.92 0.10 
 0.09 0.88 0.12 
 0.07 0.86 0.10 
 0.07 0.83 0.08 
 0.12 0.82 0.02 
 0.16 0.91 0.06 
 0.20 1.02 0.00 
 0.25 1.12 0.06 
 0.25 1.34 0.16 
 0.35 1.19 0.09 
 0.35 0.99 0.19 
 0.27 0.94 0.22 
 0.25 0.86 0.18 
 0.28 0.78 0.08 
 0.29 0.85 0.12 
 0.29 0.96 0.19 
 0.32 1.06 0.18 
 0.38 1.05 0.13 
 0.39 1.27 0.14 
 0.39 1.33 0.22 
 0.50 0.95 0.16 
 0.37 1.00 0.03 
 0.21 1.06 0.11 
 0.16 1.01 0.23 
 0.11 0.90 0.14 
 0.13 0.87 0.14 
 0.11 0.90 0.13 
 0.09 0.85 0.08 
 0.11 0.91 0.13 
 0.19 0.95 0.11 
 0.10 1.22 0.19 
 0.25 1.16 0.18 
 0.39 1.13 0.15 
 0.35 0.97 0.21 
 0.24 0.87 0.14 
 0.24 0.78 0.09 
 0.26 0.90 0.05 
 0.23 0.95 0.12 
 0.28 1.00 0.14 
 0.33 1.06 0.12 
 0.48 1.17 0.09 
 0.45 1.23 0.21 
 0.44 1.03 0.30 
 0.38 1.01 0.17 
 0.20 0.97 0.12 
 0.16 0.93 0.08 
 0.22 0.88 0.15 
 0.12 0.97 0.16 
 0.11 0.97 0.14 
 0.07 0.92 0.22 
 0.11 0.91 0.17 
 0.16 0.95 0.10 
 0.09 1.20 0.12 
 0.15 1.11 0.15 
 0.46 1.03 0.07 
 0.34 1.05 0.14 
 0.09 0.88 0.23 
 0.12 0.85 0.17 
 0.19 0.93 0.17 
 0.16 1.01 0.23 
 0.20 1.00 0.25 
 0.24 1.05 0.19 
 0.28 1.08 0.20 
 0.43 1.21 0.13 
 0.34 1.15 0.31 
 0.40 0.83 0.20 
 0.30 0.94 0.10 
 0.35 1.00 0.06 
 0.29 0.96 0.12 
 0.24 0.90 0.10 
 0.22 0.97 0.07 
 0.22 0.97 0.08 
 0.29 1.00 0.11 
 0.27 1.02 0.15 
 0.25 1.08 0.14 
 0.13 1.34 0.18 
 0.16 1.12 0.23 
 0.35 0.88 0.07 
 0.23 0.95 0.07 
 0.16 0.93 0.09 
 0.18 0.85 0.10 
 0.19 0.84 0.08 
 0.16 0.88 0.07 
 0.15 0.88 0.09 
 0.19 0.93 0.02 
 0.26 1.01 0.04 
 0.28 1.32 0.14 
 0.32 1.27 0.30 
 0.45 0.94 0.16 
 0.34 0.96 0.03 
 0.26 0.93 0.08 
 0.17 0.87 0.10 
 0.18 0.83 0.06 
 0.26 0.91 0.08 
 0.39 0.98 0.08 
 0.52 0.96 0.07 
 0.51 1.01 0.12 
 0.49 1.02 0.14 
 0.35 1.33 0.18 
 0.40 1.10 0.20 
 0.43 0.96 0.11 
 0.25 1.10 0.16 
 0.22 1.10 0.18 
 0.24 1.01 0.13 
 0.16 0.98 0.13 
 0.11 0.95 0.13 
 0.19 0.89 0.07 
 0.18 0.84 0.09 
 0.17 0.85 0.07 
 0.13 1.05 0.12 
 0.15 1.07 0.22 
 0.27 0.98 0.19 
 0.27 1.03 0.08 
 0.31 0.98 0.07 
 0.30 0.94 0.03 
 0.29 0.98 0.05 
 0.30 1.05 0.07 
 0.37 1.00 0.03 
 0.44 1.04 0.00 
 0.39 1.03 0.06 
 0.42 1.05 0.09 
 0.32 1.24 0.20 
 0.38 1.06 0.23 
 0.43 0.91 0.11 
 0.32 1.08 0.14 
 0.24 1.08 0.23 
 0.27 1.02 0.24 
 0.29 0.92 0.10 
 0.22 0.98 0.17 
 0.13 0.96 0.21 
 0.06 0.94 0.21 
 0.06 0.90 0.18 
 0.11 0.96 0.15 
 0.10 1.16 0.05 
 0.25 1.00 0.16 
 0.44 0.91 0.12 
 0.42 1.05 0.00 
 0.41 0.98 0.10 
 0.24 0.91 0.06 
 0.17 0.83 0.07 
 0.12 0.89 0.04 
 0.23 0.90 0.00 
 0.31 0.94 0.02 
 0.33 1.06 0.09 
 0.42 1.16 0.08 
 0.45 1.37 0.18 
 0.53 1.05 0.23 
 0.52 0.86 0.09 
 0.33 1.02 0.09 
 0.23 1.07 0.23 
 0.26 0.97 0.16 
 0.20 0.95 0.18 
 0.16 0.98 0.22 
 0.11 0.93 0.21 
 0.12 0.89 0.14 
 0.16 1.03 0.06 
 0.08 1.30 0.15 
 0.20 0.96 0.33 
 0.32 0.80 0.16 
 0.26 1.00 0.19 
 0.21 0.97 0.00 
 0.12 0.91 0.13 
 0.14 0.92 0.07 
 0.20 0.98 0.02 
 0.32 0.98 0.05 
 0.39 1.02 0.05 
 0.41 1.01 0.08 
 0.46 1.18 0.12 
 0.36 1.22 0.24 
 0.32 1.09 0.09 
 0.30 1.06 0.19 
 0.32 0.99 0.23 
 0.29 0.90 0.11 
 0.17 1.01 0.05 
 0.06 1.04 0.12 
 0.04 1.03 0.20 
 0.15 0.98 0.10 
 0.16 0.99 0.13 
 0.14 0.95 0.08 
 0.09 1.13 0.00 
 0.10 1.06 0.07 
 0.19 0.91 0.11 
 0.07 1.06 0.11 
 0.06 1.06 0.03 
 0.01 0.95 0.15 
 0.03 0.97 0.14 
 0.02 0.97 0.10 
 0.06 0.94 0.05 
 0.00 1.34 0.02 
 0.07 1.35 0.12 
 0.05 1.30 0.02 
 0.02 1.11 0.15 
 0.08 0.70 0.08 
 0.12 0.86 0.32 
 0.06 1.28 0.18 
 0.05 1.07 0.04 
 0.07 0.99 0.26 
 0.13 0.90 0.36 
 0.08 0.86 0.27 
 
