1.08 0.13 0.15 
 1.05 0.12 0.14 
 0.99 0.10 0.12 
 0.99 0.10 0.14 
 1.01 0.12 0.14 
 1.01 0.12 0.14 
 1.00 0.11 0.12 
 1.00 0.11 0.11 
 1.00 0.11 0.11 
 1.02 0.10 0.13 
 1.01 0.10 0.14 
 1.01 0.09 0.14 
 1.02 0.11 0.13 
 1.01 0.11 0.14 
 0.99 0.11 0.11 
 1.00 0.11 0.12 
 1.01 0.12 0.13 
 1.02 0.12 0.14 
 1.00 0.10 0.13 
 1.01 0.11 0.14 
 1.01 0.10 0.14 
 1.00 0.11 0.13 
 1.02 0.12 0.13 
 1.00 0.12 0.12 
 0.99 0.11 0.12 
 1.00 0.11 0.13 
 1.00 0.11 0.13 
 1.01 0.11 0.13 
 1.04 0.12 0.12 
 1.02 0.11 0.12 
 1.00 0.11 0.11 
 1.01 0.10 0.14 
 1.02 0.11 0.15 
 1.00 0.09 0.14 
 1.01 0.10 0.13 
 0.99 0.10 0.11 
 1.03 0.11 0.11 
 1.07 0.15 0.12 
 1.01 0.13 0.11 
 0.99 0.14 0.08 
 0.96 0.13 0.08 
 0.97 0.09 0.14 
 0.96 0.10 0.17 
 0.97 0.12 0.48 
 1.00 0.03 0.30 
 1.05 0.08 0.52 
 0.84 0.29 0.25 
 1.01 0.48 0.08 
 0.93 0.37 0.09 
 1.22 0.38 0.06 
 0.96 0.22 0.29 
 0.81 0.25 0.30 
 0.87 0.19 0.59 
 1.99 0.80 0.44 
 0.85 0.02 0.23 
 1.07 0.02 0.36 
 0.73 0.45 0.19 
 1.03 0.19 0.51 
 0.89 0.00 0.54 
 0.68 0.11 0.20 
 1.51 0.75 0.55 
 0.48 0.75 0.54 
 0.44 0.73 0.52 
 0.42 0.74 0.49 
 0.49 0.74 0.51 
 0.53 0.68 0.44 
 0.73 0.64 0.63 
 0.76 0.74 0.56 
 0.80 0.67 0.50 
 0.94 0.60 0.58 
 0.78 0.67 0.40 
 0.68 0.68 0.37 
 0.51 0.64 0.38 
 0.39 0.63 0.33 
 0.33 0.61 0.36 
 0.25 0.61 0.44 
 0.23 0.75 0.53 
 0.29 0.88 0.62 
 0.39 1.07 0.78 
 0.50 1.02 0.84 
 0.57 0.75 0.60 
 0.54 0.77 0.53 
 0.39 0.77 0.62 
 0.33 0.72 0.58 
 0.32 0.64 0.43 
 0.40 0.64 0.45 
 0.44 0.65 0.54 
 0.47 0.71 0.54 
 0.54 0.81 0.55 
 0.56 0.90 0.63 
 0.62 1.13 0.79 
 0.56 1.12 0.74 
 0.50 0.92 0.68 
 0.45 0.95 0.61 
 0.36 0.94 0.45 
 0.27 0.89 0.36 
 0.18 0.84 0.30 
 0.13 0.82 0.32 
 0.10 0.78 0.29 
 0.12 0.72 0.29 
 0.10 0.81 0.38 
 0.15 0.96 0.49 
 0.31 1.22 0.82 
 0.46 1.16 0.86 
 0.74 0.75 0.92 
 0.56 0.62 0.76 
 0.55 0.71 0.66 
 0.39 0.77 0.55 
 0.31 0.66 0.42 
 0.36 0.63 0.40 
 0.39 0.66 0.42 
 0.39 0.68 0.41 
 0.44 0.73 0.46 
 0.50 0.83 0.58 
 0.58 0.98 0.66 
 0.70 1.20 0.86 
 0.65 0.90 0.65 
 0.83 1.22 0.91 
 0.44 1.26 0.58 
 0.30 0.86 0.32 
 0.27 0.65 0.42 
 0.11 0.54 0.40 
 0.08 0.47 0.30 
 0.22 0.45 0.36 
 0.29 0.51 0.39 
 0.39 0.66 0.51 
 0.57 0.87 0.84 
 0.45 1.18 0.78 
 0.85 0.94 0.83 
 1.75 0.51 0.98 
 0.87 0.47 0.72 
 0.79 0.58 0.55 
 0.63 0.70 0.55 
 0.35 0.66 0.38 
 0.25 0.60 0.49 
 0.15 0.51 0.44 
 0.34 0.51 0.52 
 0.50 0.58 0.46 
 0.79 0.77 0.66 
 0.96 0.79 0.59 
 0.82 1.09 0.81 
 0.89 0.86 0.60 
 0.81 0.87 0.57 
 0.62 0.72 0.42 
 0.61 0.66 0.62 
 0.63 0.70 0.29 
 0.33 0.55 0.41 
 0.27 0.26 0.57 
 0.30 0.37 0.40 
 0.43 0.37 0.35 
 0.49 0.48 0.41 
 0.68 0.44 0.75 
 0.55 0.50 0.60 
 0.69 0.81 0.94 
 0.91 0.51 0.86 
 0.84 0.72 0.79 
 0.81 0.67 0.53 
 0.50 0.78 0.42 
 0.69 0.64 0.99 
 0.23 0.50 0.64 
 0.42 0.50 0.56 
 0.60 0.55 0.73 
 0.59 0.50 0.67 
 0.61 0.70 0.62 
 0.52 0.90 0.61 
 0.47 1.15 0.69 
 0.54 0.92 0.70 
 0.46 0.76 0.64 
 0.47 0.86 0.72 
 0.44 0.82 0.52 
 0.40 0.76 0.42 
 0.32 0.72 0.43 
 0.22 0.64 0.49 
 0.22 0.53 0.50 
 0.32 0.46 0.48 
 0.36 0.55 0.57 
 0.61 0.60 0.63 
 0.66 0.69 0.72 
 0.36 0.98 0.77 
 0.65 0.85 0.90 
 0.98 0.42 0.95 
 0.71 0.66 0.67 
 0.32 0.69 0.64 
 0.03 0.57 0.66 
 0.56 0.41 0.74 
 0.63 0.46 0.68 
 0.40 0.59 0.47 
 0.61 0.59 0.46 
 0.52 0.52 0.64 
 0.56 0.58 0.84 
 0.52 0.58 0.71 
 0.51 0.87 0.82 
 0.59 0.80 0.83 
 0.58 0.62 0.72 
 0.61 0.66 0.73 
 0.58 0.68 0.71 
 0.51 0.60 0.60 
 0.42 0.58 0.57 
 0.25 0.55 0.55 
 0.24 0.51 0.51 
 0.33 0.44 0.38 
 0.29 0.50 0.69 
 0.57 0.62 0.53 
 0.59 0.82 0.68 
 0.65 0.91 1.00 
 0.77 0.64 1.03 
 0.60 0.47 0.81 
 0.36 0.49 0.63 
 0.21 0.53 0.65 
 0.00 0.49 0.50 
 0.50 0.41 0.67 
 0.58 0.56 0.73 
 0.76 0.58 0.85 
 0.59 0.44 0.88 
 0.48 0.44 0.90 
 0.50 0.56 0.83 
 0.57 0.67 0.90 
 0.58 0.87 0.93 
 0.59 0.59 0.81 
 0.56 0.74 0.65 
 0.54 0.96 0.57 
 0.27 0.92 0.33 
 0.24 0.72 0.24 
 0.17 0.66 0.29 
 0.18 0.63 0.35 
 0.30 0.63 0.45 
 0.38 0.78 0.50 
 0.47 0.87 0.63 
 0.49 0.93 0.76 
 0.53 1.15 0.81 
 0.57 0.86 0.55 
 0.59 0.72 0.44 
 0.54 0.62 0.44 
 0.41 0.70 0.38 
 0.36 0.74 0.35 
 0.37 0.76 0.38 
 0.43 0.79 0.46 
 0.44 0.70 0.51 
 0.47 0.61 0.57 
 0.49 0.62 0.70 
 0.54 0.86 0.63 
 0.47 1.31 0.54 
 0.55 1.03 0.44 
 0.53 0.98 0.36 
 0.40 0.91 0.35 
 0.40 0.84 0.39 
 0.41 0.73 0.36 
 0.35 0.70 0.38 
 0.29 0.77 0.42 
 0.23 0.78 0.39 
 0.21 0.83 0.41 
 0.26 0.89 0.51 
 0.36 0.87 0.66 
 0.42 1.06 0.66 
 0.53 0.94 0.80 
 0.50 0.81 0.51 
 0.58 0.76 0.38 
 0.37 0.74 0.33 
 0.26 0.70 0.31 
 0.29 0.71 0.36 
 0.42 0.73 0.47 
 0.46 0.75 0.55 
 0.57 0.70 0.68 
 0.52 0.93 0.70 
 0.55 0.77 0.62 
 0.55 0.82 0.50 
 0.53 1.10 0.57 
 0.47 0.77 0.49 
 0.48 0.82 0.47 
 0.42 0.94 0.44 
 0.43 0.88 0.41 
 0.37 0.81 0.34 
 0.26 0.77 0.33 
 0.20 0.70 0.36 
 0.19 0.69 0.42 
 0.22 0.80 0.49 
 0.34 0.82 0.55 
 0.44 1.15 0.75 
 0.51 1.13 0.63 
 0.59 0.58 0.60 
 0.58 0.62 0.65 
 0.63 0.45 0.83 
 0.73 0.65 0.54 
 0.53 0.59 0.37 
 0.40 0.56 0.51 
 0.36 0.61 0.50 
 0.30 0.67 0.46 
 0.29 0.76 0.55 
 0.20 0.92 0.27 
 0.56 1.14 0.69 
 0.54 0.82 0.87 
 0.72 0.93 0.83 
 0.62 0.85 0.52 
 0.48 0.67 0.39 
 0.34 0.65 0.39 
 0.24 0.72 0.41 
 0.22 0.78 0.39 
 0.26 0.84 0.40 
 0.33 0.81 0.51 
 0.36 0.85 0.51 
 0.47 1.10 0.70 
 0.44 1.09 0.56 
 
